63932 63642
216904 215836
140419 128525
26195 26856
55280 68329
166079 161402
211723 222804
237968 241549
143010 141509
7365 7242
193931 251018
230489 229985
18962 18360
31166 29754
53795 53645
236475 239867
27846 28381
160989 160935
272243 279879
229630 230348
62361 62142
139250 138976
3695 3643
5779 7368
91282 92875
243033 245607
249000 248137
9513 9008
133174 131515
92573 93064
48713 48923
293244 292872
249710 249775
290585 290309
316929 316855
234636 234010
207613 207530
34076 36629
94633 94905
316091 315806
139069 132511
167586 168409
208461 200084
158472 158508
258458 246155
163593 163740
165136 166317
90452 90385
124022 123992
240557 260697
29661 21021
217748 220334
292712 292740
172582 171173
212133 233707
8216 5736
242073 254057
102490 101713
56114 56182
295960 295807
226371 246902
152869 143595
101998 101380
235096 239383
7465 6951
206736 203957
248330 247909
36945 25540
29637 13760
32397 32678
311987 307029
247061 239207
203572 203868
242857 229654
69020 68546
214548 223654
206700 208774
195670 197553
47951 45176
245459 245239
257219 228307
146095 134292
178810 178731
54541 59154
174064 186331
45961 46450
238331 235066
74900 52141
28947 29009
173676 173492
245490 248053
229378 237026
224732 225869
66157 66654
219733 219030
275004 275210
54471 59388
219756 215448
311121 311184
205006 204842
293988 294043
188765 182807
127010 126387
5471 5959
52045 52596
132545 129516
137741 138432
195238 195585
246089 245903
238154 234510
43772 43738
288246 288436
162048 169611
124910 125932
233784 233845
133421 135178
266102 265964
123666 125115
10381 9358
65495 66054
212224 222793
209194 193584
16820 16690
270073 269360
149353 149497
61256 61305
304452 301815
122503 122338
57863 56719
69644 70018
317875 123631
5683 6015
271636 271462
244175 244200
19041 19064
69725 74187
19514 20018
291955 292858
54229 54496
134428 142492
212611 212229
70688 48199
22430 22611
27395 28009
156882 152563
46058 47025
29174 23628
261469 261088
301364 290857
124920 125692
253311 253725
182348 182629
316244 315920
237482 249035
221572 221410
269579 269608
261999 262157
46178 46082
191522 207594
60536 58184
11946 38515
288813 290002
228242 257768
260402 245539
289130 289505
176872 177187
8783 8669
190841 190637
288660 290865
4335 3636
254376 242499
299083 304196
156284 138098
245570 241405
57818 59041
136752 155510
235528 212805
28848 36270
91470 91655
115281 112198
162933 162689
253743 253474
134881 133209
227018 226879
308676 308807
4936 8104
23131 24274
229317 229441
169473 163095
316294 320848
15810 37453
232186 260318
129873 131585
23428 39328
89855 89939
131870 131456
40851 40953
71899 41227
160846 161013
121936 159736
69981 52278
57181 71568
292800 292444
44391 44494
14764 14708
69667 69844
231939 231630
25341 28368
16520 36143
198135 197855
65747 66052
10658 33623
61620 63640
148829 148666
122898 129198
288750 288717
163317 167162
81942 85407
226991 226640
111359 111303
13066 12470
260773 229475
290791 291427
162682 169566
200857 200109
125969 125379
239843 235957
151585 119895
274587 274282
233544 233604
171827 174657
121863 121974
190906 190553
32040 29926
167515 165124
308956 309921
211894 211545
306604 310134
194375 194431
278978 269803
115338 117244
275629 276243
226815 227327
82658 81120
52800 52963
62827 76271
23321 33774
255619 252990
134576 135253
296783 301147
278470 280813
282486 295823
168321 168260
3862 4484
235770 235139
280326 271651
30246 29996
203650 203548
25033 25116
249436 249294
319901 319986
237882 245797
134544 133883
254090 253901
230082 229979
236837 259396
101472 104803
232723 237725
232083 233834
153003 157867
253758 254068
51690 71459
379 7038
204327 208783
177533 169785
71455 52858
45567 46340
227533 226753
163527 164095
67988 76313
130662 136848
177887 178044
92706 85605
57561 59090
290439 294023
3318 3124
165972 165199
172915 171543
191255 193520
251755 252271
149711 154536
213058 219820
10354 10274
49639 54761
175333 169794
113054 112987
187756 173371
136950 159310
55674 55289
253737 253082
236537 240327
55912 55949
163234 162927
167749 167622
126570 127043
164540 164733
46533 46980
53161 52623
34422 8074
229910 228596
239426 236407
228390 227434
16411 16555
233160 234055
255090 244777
100019 100039
55460 56104
162530 164576
126853 125289
202184 201994
260104 227043
14052 14211
130369 130952
49267 2809
106702 108561
7475 4776
233717 259536
160932 161047
136165 135996
126145 124301
125129 123598
132977 132667
210395 213771
129813 129285
102117 101622
232319 232130
320784 267468
221223 220290
220795 221402
10403 10665
229202 229430
92470 92596
16389 34847
170217 184217
178771 188454
8647 8277
122017 122237
16422 16575
127513 145292
166772 165328
23017 22160
228874 228447
206108 194931
288927 289255
306211 310395
278834 280421
253598 250528
82365 82370
219151 224753
135175 158667
157876 155140
198469 197851
49615 3113
48633 72842
167879 167769
14260 13515
234240 234624
241670 241972
243159 257022
244471 244603
300748 294111
47422 47002
135080 133126
53633 52058
2005 39058
172420 186622
238026 257828
254354 229675
137810 128320
106542 117640
106426 106479
241702 250131
246494 228175
168939 168479
210437 213377
250277 252050
232001 242692
141153 138342
164584 163057
240082 240115
231080 240028
127113 127206
297094 297016
178982 179182
235474 257653
74360 77038
16182 14752
219879 219934
244672 244433
52605 52929
245512 237185
293016 293777
140577 140715
157646 159657
110968 114460
134070 134682
3807 1914
221654 221480
7639 7409
298833 305839
2787 169
14165 14027
138459 138429
195885 169440
100193 100677
14994 15072
234314 232424
318069 123481
192123 191904
204621 204846
221200 221750
247027 246015
60742 61448
211658 212664
47422 46454
170352 170448
172641 172506
250589 250474
308941 309574
165026 164475
7000 3769
226323 226603
219392 220002
169031 168686
204271 204015
48807 72965
110280 110302
13857 34800
60514 57956
214161 225446
205006 204578
230661 230340
162053 162826
75336 61252
285325 285330
32232 36945
153225 156643
146517 146983
29411 29806
239497 239547
54264 72073
200989 201771
46257 45839
135785 151951
141218 140277
246890 244850
40261 26914
304946 298344
37906 20591
175030 174606
152131 156244
219998 210740
193084 193936
219612 220236
165495 165313
171068 171296
217156 223325
37528 30331
122759 123200
22208 22477
241892 242108
238118 234350
167476 167141
28037 36141
142156 141675
147206 147384
232338 257844
258458 260106
47782 47665
46428 46761
219825 220572
256499 235217
19479 68134
3591 2848
251434 209702
96488 95836
66520 66874
133698 127564
137256 137145
164784 165267
25604 35592
94529 94811
236360 259985
122582 155771
268720 268537
143725 143919
73704 69638
15985 14440
186259 172900
302767 296964
136231 136603
304413 285119
58037 57870
46351 46317
83135 82930
63272 63063
137155 137277
271847 271459
212821 212648
52625 52712
89988 90170
102342 101690
211560 211959
245586 244460
126559 127431
2962 3938
122727 123041
319798 319951
233843 233751
146569 146657
160767 163902
162201 164556
236179 235842
147758 147666
101999 102331
53658 73173
133405 133308
222975 220226
219869 220026
167047 167877
138641 132091
235260 242458
311482 306517
140430 140194
29878 29847
175137 175882
294532 288329
254839 254902
230077 229620
87762 87402
41380 41571
251939 256337
114588 114695
104133 103604
144565 144792
12933 12901
104439 271270
184166 183583
159207 140897
2993 3143
227388 226530
291458 294485
112294 112336
248696 248109
282463 295806
82342 82886
113588 109901
4588 34416
166552 166404
168649 168759
136968 136826
30261 29994
72237 61816
164119 163989
222827 211817
112116 108252
100176 100148
2266 35215
270651 270744
133727 133907
163626 166731
74779 69646
233159 233021
18114 38740
199706 199796
185859 172164
228271 228943
48878 72966
163122 162655
7527 5784
166626 169660
125765 132947
46390 45541
246156 260503
12254 12120
219920 219901
57923 60518
177147 176734
193194 193324
223319 215550
72904 25637
289847 301402
290797 290949
146671 134389
35714 26176
192469 192484
231855 232233
230804 230028
232580 234299
287590 286827
140385 128529
162244 166778
12948 13621
247898 247667
10320 10287
309849 310363
249754 249834
269441 269978
194797 251491
143547 141840
294394 304703
246203 227829
288915 289133
38692 17744
49937 54798
27661 27950
28770 29231
165917 164020
60998 60575
139169 151502
285039 285752
141683 141750
149016 149266
185958 174116
136013 135458
59461 59510
164648 164931
249649 241509
138829 159224
274495 273706
219852 219943
30965 34095
12518 13016
316708 316758
35895 28114
132853 133861
253757 254285
220723 220852
307809 308505
32700 21424
299171 299650
38091 10188
65900 66104
233429 234035
294582 291629
131628 132187
9275 2012
23271 17880
241871 252869
288120 291687
102014 101879
288361 305145
166918 168238
148826 149353
10679 9852
26246 24708
128550 128502
63780 63697
69317 68675
145922 127468
223692 211058
236004 259476
279388 274032
94181 94168
139469 141217
138831 138736
38429 20412
302669 300375
79310 78010
251604 251819
137431 138531
128781 122993
195455 197714
292227 292278
241871 241645
184067 184010
127106 125858
124109 126184
13598 13821
102155 103252
101435 101849
301439 288919
66944 67095
123166 129305
232447 232753
34499 9402
224748 221995
189215 179285
74582 73163
279405 274110
20960 21120
220388 220047
179104 188066
235767 235148
258891 253508
211530 220934
220543 220921
126971 126743
157379 144855
164637 164515
14584 15429
125284 125788
259760 254171
201667 201711
253980 252582
199002 199702
139245 141243
205283 205338
22794 22565
222618 214163
141043 148937
21019 40312
165678 165947
294715 291523
120827 159144
109051 109425
291615 290463
4716 4516
151444 138288
124952 125770
166788 162358
179051 179413
51379 55342
165404 167849
165564 165489
253402 253602
93819 93870
151637 143184
166265 167663
61877 70555
191547 191596
159644 120105
9890 10833
222385 34329
164396 162212
8054 10316
50615 53953
213175 224198
69944 49819
169574 164787
89570 89408
84827 84249
275754 274814
222499 220488
126066 125490
58810 57787
38202 38212
34934 18142
16032 15668
292966 292781
309702 309670
12744 13415
290751 291287
250680 251377
270346 269752
269028 269650
280860 275718
164414 164073
146060 145999
169956 177682
131380 131257
118654 106243
9847 12805
168426 169252
4467 4723
229215 228432
21034 27246
268431 268363
5409 4806
106299 105870
141264 139396
273464 273923
95426 95610
245730 249530
169709 167823
2268 29772
77558 78260
2997 3280
154813 155238
175748 174994
260871 228964
12134 10050
13057 35356
260224 229141
227627 229631
237465 248449
249790 238727
70874 71296
17325 17168
140277 140193
7203 7570
162149 164605
172412 171175
228577 230840
200336 200380
175302 174610
12550 11754
8054 10098
274531 273986
8021 7813
15944 16004
129174 128886
301999 288526
195664 210129
228563 227467
225237 223051
233396 233243
125707 124934
297339 296157
240512 261000
191499 207326
285866 285987
4299 6949
246401 245991
141881 141347
1362 33953
164565 163171
47037 71426
52232 50961
196715 190188
15226 14295
135344 133446
230441 230342
153456 124347
140502 148661
249104 248454
24349 23103
65194 65035
68825 68697
228282 250007
211668 212274
182565 181756
162564 164603
64808 65340
150535 150008
270558 270422
143236 142699
166988 165506
227067 226822
249824 241551
10931 9968
54198 54045
162223 162547
167239 167341
166941 163094
232131 231250
127405 126770
30776 20460
227356 226702
257749 229404
316529 316847
316871 316779
11756 11961
17013 16529
52418 57170
213103 213236
282712 293257
169620 165195
59150 58870
169766 170524
69682 74194
144241 144371
123589 317976
96004 96716
293148 292986
7410 7645
268113 268474
131797 131621
144127 143832
166559 167801
319956 316364
172078 186573
230664 233268
191831 191056
229552 257316
160941 165869
288189 302032
21275 21313
277143 277218
199808 199931
203801 204677
62266 62388
164829 167882
102175 103236
191346 208263
4346 7077
57433 57743
46950 47510
231262 257401
130109 158400
134476 134691
77734 78019
10436 36438
100717 100250
210355 218768
75879 74197
123443 124784
178693 178742
867 5597
167756 166253
239377 238773
221664 221339
87303 86968
130342 130935
270397 269734
262178 262229
191428 194500
312866 312890
186379 178700
112098 112255
237957 238200
226271 256428
139258 138723
146421 154511
305252 295927
127477 126673
78255 79358
62243 62228
28441 27885
193220 194085
138793 138937
239678 240478
259691 236376
288204 301743
228732 227660
146781 146043
65583 65620
317855 317736
276660 279360
62236 62596
30545 20249
47135 46969
48956 49339
72338 42590
247325 258712
70996 58870
166558 167676
235809 258037
102076 101515
205022 207185
59990 59873
237081 226192
231955 230429
205401 209647
220797 222577
232544 235167
147617 147957
289992 301003
134866 128782
11116 26898
250107 260880
257811 247302
55913 51278
1169 1087
74219 75580
237501 234299
288306 288930
58752 77072
212805 213169
269753 269416
289575 289319
246914 259800
59833 58972
280121 275357
130625 122937
126903 126770
315559 315882
239765 236420
154797 154661
260612 234458
149996 149258
35361 39317
238157 249609
220355 220724
61364 60766
28066 29088
252409 251710
110716 114267
11034 10704
113907 114114
189163 179276
44990 46376
129986 131465
59227 58986
134224 134640
198202 192721
145054 126808
5920 5693
257779 247842
108322 114941
252694 252602
14339 14285
256725 239108
60502 60892
255257 255410
82127 81333
229249 230788
113389 115833
115233 112061
279357 280416
