110295 105802
34463 4784
251977 254020
165289 195720
166729 160590
193669 253045
304099 301934
290945 301607
10226 6154
290711 290294
235604 257987
167868 168553
141558 142543
248931 249846
106697 114749
64169 63656
75571 73593
3785 8270
242326 226735
17299 22832
200320 201684
29893 27418
258581 228220
93620 93415
208673 165162
227881 237197
255131 255924
229372 234542
38241 29351
229622 232022
224872 255532
230524 234474
156148 142389
4180 3392
191126 194788
234838 214112
70493 76801
225848 217069
230366 247020
202996 204833
64688 53343
311817 309632
91377 94540
150149 140482
37912 36770
27154 35509
167737 162832
294552 302000
51233 54333
29384 32217
27111 26620
89717 94010
221491 223611
307405 310639
232676 234698
41810 67346
247173 260913
49027 48179
197744 208639
146220 120840
23121 34907
132995 134639
236305 260636
238218 235585
130923 139346
151593 118686
306008 302664
121667 156545
73248 73206
4926 4241
1280 28108
155223 155147
254996 247077
256305 251715
54122 70003
207212 203744
164624 163362
245474 247439
151373 125842
291644 288851
228160 247880
223389 212329
226001 214399
45572 47412
257748 260438
5039 3387
287988 292194
209385 166619
173197 172949
225472 211583
191686 194143
235320 234161
178243 187878
243317 244744
5091 6483
8725 13019
47478 3333
229466 254837
209043 192538
5650 5990
255245 245042
192550 207793
232967 211052
6377 9232
167273 162984
303473 301018
33920 18070
126761 133854
1462 29847
251911 193839
164727 160073
254654 258941
76345 66152
194370 193275
253982 242885
260194 238750
17460 16091
123747 317586
205257 206682
230599 227515
59974 53577
75649 68782
163659 165808
219997 219155
195536 161396
236472 225624
3687 34465
228601 244203
309577 309032
57954 66407
15444 12180
232688 231240
199316 196105
212650 212217
276750 275658
256423 254646
75157 74807
125979 129188
180940 176620
149765 140351
221539 211886
166133 160426
25018 23628
61097 59755
83120 83100
181654 186656
77395 53119
163941 196180
227304 245309
232525 230947
162125 167167
132211 137569
79593 79349
45401 44977
15294 14196
16673 33726
215093 214278
163840 161499
169358 169456
13789 30241
69076 73925
34005 29691
58918 71552
133068 125155
128096 138247
256251 234445
19579 20342
56237 51998
226774 232119
175509 186600
156202 159551
218816 1381
41303 74625
257310 228440
26166 37398
37251 3887
128126 140144
125578 122635
46498 49495
168333 163513
267832 42913
4992 8118
117588 118733
129631 128213
309114 309013
67001 19632
214153 213036
124544 126411
147428 146645
138303 109462
227958 232162
96744 96939
241520 260593
22862 18743
154460 158842
136477 143577
263644 261590
7449 3284
217276 212088
174375 176479
269786 269153
140281 152085
23631 31776
68271 30715
36722 35132
94132 93171
245485 242883
226005 218434
298818 306018
249879 231938
228812 229373
229933 226463
258388 242685
123108 159230
75180 41436
273879 274494
159556 125812
175614 171240
222784 221672
27687 30210
176596 173102
88344 97641
54546 51256
148786 156373
133104 126103
212755 213758
237272 229065
220186 225507
281438 286648
36512 39335
192170 204902
128030 130322
138824 151407
157438 157372
298343 293986
71885 65033
212218 225362
235657 239401
178000 177008
254908 246205
270118 279597
122635 130625
249486 231423
135149 155153
137695 139406
13368 16033
39839 24878
112584 109391
225408 225568
233178 212656
8188 3606
165011 165866
42229 47495
236545 231197
138947 135223
203774 190796
169033 199227
277864 280652
219834 221744
166160 164665
228363 231576
241125 239877
35642 22927
66049 69126
231365 246528
231287 246662
90921 89297
235348 220963
151248 115488
219956 215484
118044 128569
167895 162245
225056 213638
53620 59391
138681 138242
135261 151216
9143 31022
87467 91993
302930 292987
112507 149280
228939 246030
237396 246467
56746 60596
38177 26668
146740 134231
52612 50856
293956 298445
166026 161165
22816 18809
309221 308631
10203 49943
245439 246766
162730 169613
236942 257285
166590 195314
203755 204976
276591 276273
49582 76639
253240 252782
8405 12311
139872 116091
213129 224462
237342 245364
230052 229014
91826 97344
255477 230487
12223 10011
234008 238090
96643 96214
144947 124230
20915 36521
115964 111401
85508 82123
109995 110989
49317 4404
159398 151428
211914 223753
8250 9529
225352 225289
51617 57684
50470 278858
41545 73631
191587 190850
220884 220684
235056 231264
165196 195386
195499 198320
76464 57198
102006 101753
164995 161935
60149 60594
139294 137378
229199 230311
28940 29704
152425 124531
166085 195080
88176 87153
248896 228895
24258 26832
42172 45832
86685 95533
252694 253146
23090 16875
175168 177491
252202 241823
153625 146746
63647 56734
133230 123102
176316 183382
127947 115319
213119 232181
261000 235143
204186 202086
177483 176352
115490 137767
237131 248107
75765 54488
258485 245345
59344 53976
249762 238128
277901 280067
309972 308802
56863 44053
259490 237501
167873 164027
79640 78604
24973 28329
135310 142398
205479 197441
127229 153045
199153 199435
233921 248959
226083 237843
58458 58572
49478 4161
280693 279681
27443 26290
57631 51650
201071 208479
16780 16257
138294 109204
263697 264612
114953 118746
214615 214929
218797 218492
71249 70271
295686 293356
243144 242332
201518 202402
260231 228338
213831 210829
244824 257344
167058 190174
48376 46702
94093 94317
26283 25991
258203 256939
125325 124189
234486 232974
139366 131393
108296 150032
57546 59734
144644 124117
122572 123040
168921 168104
317206 123433
78117 79099
234019 234977
29035 27941
255628 226502
242429 243783
222226 222277
43110 270187
177301 175362
154222 155199
252789 258289
58986 64870
122483 125878
45989 3082
227143 232158
301436 288154
130579 138462
271629 268239
37406 24028
235891 233136
293080 301715
289162 289869
97125 96515
164392 168704
134878 123164
317737 122644
157067 157224
23139 20514
129411 134924
29531 36533
235654 259533
207599 193331
37801 25937
164193 163440
152467 126694
56684 52000
239700 235587
165261 167255
132406 135084
232682 233508
166090 166733
236958 249643
243438 243252
275222 270565
19211 16124
7341 8428
293767 305249
20201 67928
250209 231105
228903 245509
141877 148995
50646 57755
281558 281499
230313 229079
201833 201690
227997 230351
1631 5868
242101 254183
13006 5962
212409 222042
257619 239474
17861 15868
214388 212258
261613 262205
238195 231173
245401 227200
245110 254560
166347 168399
10547 12339
228007 227624
250735 253627
169152 167523
290906 289119
66730 66932
269366 270692
224031 218579
251163 252183
101514 103603
43793 52727
235910 249869
8029 6966
140868 149375
44697 49118
35382 18529
240517 215194
226367 253904
21305 29820
212335 221407
210485 220874
254053 242824
165505 208704
106779 139768
200258 199829
128223 158598
113987 113835
131762 122512
106533 114697
234035 228757
165186 168197
5983 4523
173722 174418
14833 27444
131214 130011
253003 251251
238481 249070
12283 5432
212690 235904
204664 206987
117139 113652
233503 230716
93843 91626
257603 214465
242487 253348
148594 137804
233672 217719
68394 36848
245428 228505
3873 47761
63954 61914
242686 242262
4572 6912
259368 234008
247735 245906
229915 234705
230214 227235
109406 136995
9419 5929
145338 125190
232444 246755
219882 211864
234844 248365
164395 160197
8923 8508
251685 193596
35403 25347
214534 216241
180953 181036
291523 289418
162782 166173
24631 27667
15219 10891
133790 146680
205041 192858
115370 112189
125967 129257
46125 71397
211244 213241
193132 251136
115993 128525
294534 301483
47900 49265
252256 254171
253823 255565
193237 207297
254967 243932
297635 302599
267136 278561
95777 94486
70962 44540
67005 75991
231014 232880
310683 310930
123642 128994
250427 250973
139932 149757
242687 257996
292046 294534
159271 148609
26349 38264
26982 27592
228121 230404
239542 215045
232485 238153
318033 121868
12039 24327
195011 165509
11487 9314
12627 8235
73698 76951
156981 118667
318039 317319
202057 203037
159519 135991
67240 19509
230291 210734
61000 43347
115600 148788
235108 215157
133601 146072
200552 208356
290610 293733
5108 8374
58033 77403
182266 179873
171917 172789
228575 234041
35752 27569
39890 5898
8692 11225
165530 164636
22585 14859
162207 169577
229278 246669
12721 11568
113286 112763
231757 229840
24661 37222
15406 17809
121936 125401
104894 272117
80584 80542
209544 193136
210955 255995
18752 15930
131414 157030
141383 149672
13933 34679
231926 226781
211570 232875
138150 156909
247563 244529
33514 24171
34683 8026
234554 212018
172060 176293
260540 255299
226300 228069
103316 102579
211782 221771
41431 41831
22849 26991
61161 59727
196058 161349
21680 39288
187228 173033
107377 115334
138811 131387
63261 66289
131388 145264
156017 146416
238360 230665
128600 108055
233250 235839
54180 74355
141173 142225
109386 141343
170873 173504
142615 135899
11609 15339
237571 250065
234696 234324
232644 236949
239230 238824
167149 167681
255916 219383
40793 40780
3418 7389
18768 22987
255439 250529
44479 57689
164971 160754
275026 272263
67233 66529
136753 138461
107879 117243
163664 163993
140875 149774
186578 174319
123009 122517
67151 72187
220136 9249
164364 164293
191933 207902
79382 78137
233539 234988
229323 256453
70577 20360
5755 5289
61660 60970
70438 33405
75828 69034
155804 139998
33772 23677
150289 149289
290232 291144
210823 236261
17604 15714
218573 220252
133478 125783
75280 74838
17193 23359
69903 75751
53549 58754
147887 119735
119096 115394
221430 223850
250080 248897
126091 136565
22411 16675
191052 250435
245297 236805
29992 28453
117733 116163
222705 256009
125004 133793
35664 25243
168865 162072
16648 22053
108979 141364
212373 211122
220380 249331
132604 131459
313471 313521
125409 129423
160385 169582
2273 33382
259323 247515
233225 233927
213275 240188
145465 145021
259280 247997
108987 140605
229272 246610
316909 317077
161673 162636
292799 304115
250850 241675
18147 35011
299157 298827
295728 301571
221830 212934
112555 114976
251963 254229
190843 203849
61845 58917
28636 23634
2704 37010
110553 114197
9409 10026
227968 231232
243060 254936
27413 28516
6687 12096
169725 180848
58463 74371
109006 156601
122876 159749
29236 30315
192428 190741
137191 138528
201616 200868
213187 238598
211945 220278
144834 145099
131457 131354
219765 255264
211261 212487
244431 227016
9283 13489
233919 231101
212204 232946
63903 57980
52284 58002
66513 68583
35923 36375
117956 118345
123091 129411
233591 212718
147022 134800
78157 77738
10634 8539
124663 124924
228515 231755
199664 195544
234320 228842
159481 146396
9549 11259
31454 14434
286659 287608
51940 58674
46035 49341
131953 140144
145653 151366
46309 70566
31254 32653
301423 301660
236275 224328
147597 146259
222847 233246
309221 307808
54833 7105
199133 197825
45076 45924
227750 226160
252595 251650
37241 12210
125567 125493
310838 310257
87245 87020
260989 230812
134436 125034
194793 191118
270445 270019
14748 12105
89861 93301
146312 147318
24083 38270
203367 203850
33990 36106
166125 209386
159112 133992
299554 298869
64915 67748
148176 152272
204489 202718
286431 286833
130646 128229
174907 175342
29969 30430
236199 239837
233478 234736
144209 124116
60545 59071
212204 213855
44157 278537
165714 195792
19514 68428
58977 58221
212014 235625
142375 138561
303324 283961
249253 228659
177941 177244
47605 76631
115089 116175
101501 102710
257055 243410
39885 4772
230026 229683
235507 257988
494 10366
248139 228002
241669 243319
73249 75052
103961 103338
14575 15847
241466 260818
207657 206131
270291 42979
11890 8794
233766 212732
258714 234497
183412 184034
220012 233776
239189 257667
156881 107204
244223 226752
260762 233666
258355 226873
237929 257697
253138 254370
210438 259661
53698 74603
225325 220711
960 218446
66830 77160
64928 54145
232131 229592
134745 136521
26041 35739
194531 191300
254707 251863
194362 193324
278323 274378
40206 34115
296769 296007
285664 304952
89256 98594
28175 25015
203710 201662
164434 195344
157024 130549
41292 75946
246130 246466
242090 245465
33711 12515
34603 7039
158460 137196
7880 9603
69403 71964
192917 207340
167939 160879
137470 148666
35091 19696
211459 230060
45443 46867
138735 130211
128984 132429
138510 130343
8026 7086
52160 57303
219301 223945
93326 91241
229950 231598
180939 175414
95645 93814
243145 243763
226056 240301
246882 246186
238183 260096
233525 236531
64724 52747
26706 28821
131533 129072
231730 256009
88532 87619
190606 205982
257157 194648
51930 60591
204005 202792
184125 170357
24582 3353
233503 260777
151347 134493
50181 7563
51957 51005
249547 237121
245399 244710
257516 229306
258313 245330
126575 145567
232152 249658
12765 13450
234020 240085
134117 146181
182794 177256
106905 109618
231264 234183
277822 318653
258852 253191
167827 166899
244095 243314
244826 227372
230602 237789
7917 11090
311722 308624
36619 68298
248903 231770
219715 225364
220506 210835
30192 36850
149345 140736
226002 228739
234595 236398
290572 302228
254068 258352
237005 232616
99007 99070
126900 135463
109005 140219
252993 255861
190553 209719
226116 211475
259216 241067
226181 256034
234444 258763
229066 256150
254970 245300
116066 108009
127171 136580
220837 219227
124786 317695
291492 305208
238426 235892
317220 316961
133307 133660
137366 157733
17751 25566
159701 147043
243503 236795
154614 147555
35164 19806
240050 249714
113170 113276
232681 233851
102026 101569
192558 192017
309672 308686
59743 64630
103416 104716
252930 193873
124931 126593
232333 229986
203431 202728
233477 231129
