282979 102137
144527 147260
121594 106163
94882 89138
22856 32734
152591 158788
120584 120852
144898 137491
160058 89404
220094 257790
67325 54355
279268 50714
96294 70644
142595 116001
244038 1300
133526 156088
131207 115843
257371 253267
61777 67228
776 92978
285311 291173
270221 179
206967 199545
149506 132813
58728 4180
152577 118810
245491 255637
40163 71297
226715 233907
45280 10959
196662 160627
141791 130009
249225 258325
196267 207377
31141 218855
230716 190538
44066 42925
46381 8182
107770 151540
294862 301554
242648 259284
305770 102079
153558 113484
254922 221596
210881 214899
69216 57736
163568 194918
221458 257327
63096 70288
60330 43744
316054 156189
239078 230897
161128 163293
135119 127988
220185 247061
100497 101899
164062 7213
7447 55969
42900 70744
254599 193123
9034 54938
245328 231267
240724 228167
27841 17366
306 48008
96500 168516
36559 231234
55770 23041
162313 198172
162813 95738
24697 38696
131441 122880
16549 1240
65029 33790
109053 138096
220562 248300
292612 286240
16309 25171
10214 18408
135357 107846
236709 262971
167326 14430
34434 219181
240809 264254
271795 44257
294244 284726
221636 253736
32788 30100
111732 116523
161511 76146
270437 279205
169101 96003
118535 135343
70117 75132
8043 30895
224440 231126
49048 49848
59670 55461
48082 10000
47576 55364
34913 11142
148158 136644
88206 89492
224109 38424
230520 36892
175060 183743
212866 247022
224427 25057
7080 66049
211659 249792
170499 173608
200198 166074
223822 257201
144624 119308
245110 236245
237584 225788
64266 76238
132466 155179
64087 56305
85925 164815
2655 19256
267465 272134
64524 72769
241499 221788
65429 18830
185592 306578
97679 44978
158713 153756
193642 231732
60624 56655
65402 38734
163048 195902
79467 140734
159102 121921
66624 44052
167475 4457
128133 141794
237089 259825
68333 23336
13520 37222
44319 281009
15376 59389
185611 177640
137458 125963
206761 193592
150168 107203
186775 177387
116969 107997
257696 260717
142614 319782
207442 251619
113372 105857
278960 268293
17152 1641
6046 161836
60408 68872
54510 10469
190266 254951
8932 60125
218867 211992
97100 95102
31717 211059
180978 186150
11722 25393
207818 251447
103156 295643
12597 49977
162797 7075
195945 95742
215529 212744
113185 109914
141734 125561
48903 45064
263949 248849
61802 65450
153488 139365
111866 109702
39030 30591
225855 224067
221093 244876
203779 167684
232320 231406
132994 154560
111301 149414
269216 72793
253520 227917
34599 50346
201012 192484
283219 289976
49308 162960
143256 125872
317249 151714
182623 307415
229324 190361
245429 212758
22724 15813
229232 251848
136671 128118
69250 52862
239238 233478
48789 7579
246949 264183
145752 138448
159665 135640
282138 285806
230814 236535
253436 221797
48182 54319
108634 159735
94471 160105
85887 199317
95634 49383
21578 49591
51334 59234
133788 137734
116262 128257
62401 55332
227148 259744
157660 120003
69067 62705
253714 259127
254891 237885
30341 259051
138701 318123
37554 33438
272452 272199
208809 259330
246705 190065
7831 53147
52476 66091
301984 305423
94780 87196
122995 149734
13706 19608
94878 47059
129959 140657
253014 254030
83158 84292
52240 55112
230639 255184
122214 115910
209721 195318
95130 59463
198439 207737
86983 91061
49468 72252
274077 277676
58327 42858
17138 27141
294435 299873
139016 155165
139790 79062
51655 10458
136831 159073
265757 238796
49980 60212
55805 66353
24296 36496
243421 230358
51715 10512
125902 107374
65025 20059
47397 90589
72629 89662
44031 60438
167377 92564
192371 244588
59374 61009
11673 168279
29039 222418
219410 235198
183475 121003
139044 106705
225478 240528
319391 321128
302679 292489
229895 234746
131863 113116
253118 192370
297130 292898
5830 168338
279085 268473
250539 248347
195154 97729
156795 105957
42616 56658
71069 43863
272857 271717
140441 79478
13547 21984
197164 199449
221219 247079
123119 134738
226751 221138
166288 7733
131326 144070
128777 152665
118359 110803
178108 186400
181848 170653
40887 69280
22635 19274
117931 140724
193611 260283
219254 26794
120285 156094
187174 1763
250607 216640
222413 235140
225532 234064
6917 166667
300731 303873
96423 90025
16853 26237
106439 111988
134830 154299
281379 291668
19299 31443
116339 157381
90608 302815
304902 302367
160560 201624
30358 19100
197179 195808
71586 66334
226925 27238
253935 194459
294244 295320
161121 95369
18829 33968
106316 150005
263949 230563
127117 139995
1080 227611
7952 58557
47176 163718
268075 275982
162993 47760
97178 9534
19681 15908
35237 68520
245910 254804
197311 165483
122712 149506
155793 147325
221672 29070
158548 129970
47406 12059
11324 27158
11740 12522
46968 51894
148620 113783
212738 31580
115796 110606
41160 44382
27247 221803
66695 59773
85676 199480
240951 241342
252642 203319
259898 240013
19927 25490
74837 9330
143730 148090
124762 142687
15976 55119
247350 245638
309296 182612
201918 192709
27417 37840
255372 192076
34446 51984
223124 257021
177233 169764
318274 133217
143075 154642
138999 117662
281351 281748
13292 46349
83875 82067
162025 89903
50645 3137
193109 226201
201689 164893
137835 135093
272462 268776
218666 245464
107957 149425
278588 275000
925 18160
92700 95069
238201 246756
257155 229753
51829 42979
248154 220465
159804 134609
258892 194111
29737 234718
49171 43819
226566 214221
217743 254320
257378 225257
35973 33023
222895 249746
156008 154354
54662 166644
25488 11830
33229 38529
162992 45436
252833 34339
23457 65759
69054 62274
90811 87066
139967 135724
90375 92701
10309 167646
92609 162517
140061 136446
87101 95740
65957 18380
65222 19051
207047 199065
8380 15554
43424 68528
175309 173884
213981 256668
232191 223824
28447 218851
250442 203279
128249 131899
220232 225039
186551 182161
53362 9148
49534 53361
6364 16439
6179 45111
161312 9712
4259 163109
42488 71533
61232 51895
139924 127199
223693 214642
242435 243794
8420 46373
49442 5725
92844 97449
68421 32581
12091 46517
47758 70610
116937 109358
20161 26327
151319 108644
286338 289330
52067 49147
72082 40187
243261 229787
4853 53529
246511 231215
287222 296084
6612 24416
156123 129809
136184 118106
164072 1700
268798 102926
74869 43612
128628 118213
221315 241695
317819 135608
298757 295030
148581 142860
16167 29265
149070 119624
68432 23056
50947 104767
218823 222087
7397 53634
195082 162245
36742 36068
144467 130777
152998 143407
91193 90252
8026 161669
260649 222291
266059 263262
40293 17967
243235 207657
114554 139704
108871 156406
146622 121374
48977 9535
255263 221347
107879 121695
164331 49638
157393 145423
215098 213041
25505 38557
26285 13611
237127 266337
104412 43149
49276 165252
59302 62267
6445 163713
5473 16859
97121 165595
162523 12852
130806 153396
9074 15698
8329 160632
202172 197100
304697 297356
160281 4028
67743 22139
159980 200867
67081 64433
270323 73980
131539 157945
151393 317546
223145 230634
215185 254114
97869 95524
162260 198999
24261 29106
215897 258598
239179 257103
45712 7365
25242 221190
106266 130030
155904 132430
257578 231802
242164 255560
227053 192350
18732 20260
316748 315591
63979 72527
210557 240110
41461 46641
53874 50422
186491 171363
134282 317612
141730 127761
318143 319582
89110 90851
127456 119311
133306 151125
209176 200811
157167 156066
97314 5414
126035 119780
64635 3276
3118 72042
231096 251687
186865 177006
226624 218609
161034 97316
226959 237073
66653 57461
135852 144012
129073 149400
119036 121259
55842 64211
297052 291288
10804 5110
256899 217740
109376 131908
219970 211451
298957 295136
51310 167267
125463 129943
299984 302738
122370 315928
64054 56606
30298 212889
33492 17862
259884 253323
51102 48326
161781 89689
132827 159541
262823 240205
15118 21549
309361 179985
133550 139135
221150 213176
53906 68899
215227 259646
120957 141951
197775 161168
100161 298033
20389 65100
219848 241868
101776 104498
315526 122059
130530 115313
237328 255488
288707 303247
158059 170478
44261 43883
115742 140102
238081 228690
24699 13307
151736 317304
214033 218997
269212 105712
277727 273892
150426 131400
148189 120269
272315 276256
65355 10302
226192 263869
211027 256908
2800 6187
222193 225785
29298 226554
51981 270692
52209 39019
140022 313602
160159 9726
2283 21021
26954 35006
260668 257453
106567 151184
184747 171238
90813 296241
227294 250645
243346 235209
252385 259846
77037 51593
22953 4461
226337 224197
73 23484
143571 126339
250513 232713
216068 218240
13777 16466
190655 203240
253616 230681
19106 26353
138868 317909
312325 308513
148358 159120
29004 33221
24283 9005
127448 139688
206116 255258
60174 18209
102681 100517
141608 152553
69821 583
271095 56911
8987 52013
227413 192119
122638 135872
126091 152814
175387 179691
168637 202681
292467 297091
197086 201911
118667 112768
198504 161014
77530 78381
244937 211107
133238 145987
184339 120519
6801 16512
152261 79017
57494 3846
215690 239761
176108 185479
5895 14680
243134 193882
247609 263426
85811 282016
48021 49605
212963 220444
61261 50208
35773 19308
141014 143330
195557 167957
139488 147261
18016 69946
70588 95578
23066 33664
157491 132265
239690 264022
161003 97356
123505 313468
249716 255976
299853 293253
162985 98487
51260 42956
192774 258433
139622 107025
252726 246181
321043 126927
250607 246315
123608 136095
210876 249638
227838 192359
128860 152152
109002 137303
197298 201043
152205 133540
158365 122610
160891 3585
213208 224659
69351 75431
128055 149944
108698 134509
198222 209003
3872 167086
153280 125090
235543 249127
146913 124837
122277 133084
269946 51857
167339 9700
97156 98712
129599 125883
239073 260564
55000 168459
66556 64215
118203 152595
159471 144917
261848 248015
234982 228486
249376 227367
230522 214835
5657 2681
158488 132627
291381 305543
34402 11593
219757 231056
50938 45756
18100 166266
142861 127191
169996 120123
226122 241596
258254 248298
139401 132847
76190 60083
149415 125038
28333 221053
278138 274199
77733 150242
3952 161315
127287 141677
314862 121750
166275 12253
34457 165043
153668 120663
301303 295558
37434 25960
59414 68628
34985 73262
5947 167026
234043 250378
30636 20639
9539 53531
26760 973
192811 252836
216193 217927
258167 260152
135486 148336
25389 5694
314479 318971
101513 300971
6729 162571
134121 136966
154423 130111
158328 140107
248768 266427
231693 220402
277092 320451
52728 270022
74553 270824
248827 239056
104429 103100
47113 51087
111283 151564
105947 115927
12051 45428
166162 3029
60626 50276
3464 165943
76176 53957
212286 243525
260499 235291
252971 248220
317890 142167
93881 96712
77631 137297
9496 18570
260250 249508
224898 232076
36462 18609
253204 226823
248391 243360
73116 3182
219854 260205
37833 1944
78206 149987
196546 202100
143702 109474
214889 214052
238908 242829
120957 153748
141604 317670
25775 22408
236504 232070
22432 32022
118381 158475
21391 22904
112935 109218
28141 24028
107744 114742
222723 247780
246280 210931
259496 248968
186707 181173
249634 241760
155174 142547
299296 102637
42651 53775
207561 194463
142917 121526
109194 155664
243143 254899
121214 123072
231615 219965
263173 259896
49042 267961
128719 132554
180172 179813
140805 153628
50241 11439
27292 18708
209466 196057
143476 146329
28625 30975
177756 180111
131503 147641
249118 212144
26169 16939
16820 26449
137424 156432
32983 18391
260575 245869
76973 75705
129885 317078
4601 37210
280882 270707
154154 129400
46466 14437
215402 228259
147537 127244
187186 180191
129869 120402
218545 253961
135772 122631
135125 108112
31822 16592
297894 102615
143115 112641
150376 138278
87430 293490
233511 247562
222990 226732
20141 14807
250856 211594
237649 259235
242604 241533
77465 79526
140061 123295
196853 164318
154162 129337
206331 254864
71600 10946
291604 301923
108646 138974
14660 28641
9534 23692
228457 213701
245070 230469
220014 36827
292958 289507
134704 157893
280554 268436
134887 127655
105257 104617
3749 161357
251610 203978
258493 225184
215640 217040
138040 159780
170962 183286
8985 18262
143591 122218
227868 1376
28912 221571
215659 217366
30787 71194
26509 32353
171526 180864
13431 54599
244850 230253
143415 159301
27853 233617
51731 4722
38535 14771
246990 239264
201246 191587
158392 115158
195938 3553
20374 37963
9213 51367
44662 4723
3524 10876
46664 92524
28157 18417
13100 38124
168572 202861
129627 108800
160249 196283
161153 4380
30907 64707
158462 152278
46794 105534
284474 286597
164063 49429
209693 258908
108935 143491
25651 14187
146890 147735
97023 98668
168264 47378
66058 54740
92853 48888
43616 62010
283183 284847
118737 130216
69268 58019
209324 193572
231335 213220
11682 55927
9995 48086
264196 261912
191760 255306
73900 43339
206220 250801
211457 1201
252293 256374
242741 212267
93681 90863
242240 239385
317106 152376
144136 130803
144646 146553
190076 254449
217586 227439
207413 254302
253979 212802
295204 292420
108917 153053
245579 239184
23371 7171
236921 256086
164023 196745
79534 112978
23781 19961
60323 9211
251500 203225
46327 89182
47002 93106
231218 190494
156435 134465
254791 258037
163009 46778
42156 29775
284716 281719
119648 154035
283961 288607
257094 242639
25457 30036
53288 49039
228740 223516
261172 243511
229448 190908
200410 193563
239362 254559
130403 107323
138513 148723
162000 46558
46332 97518
71225 64137
47948 269187
259800 213314
126288 316418
143055 117603
156425 155370
191433 204947
94357 47241
