150135 120490
180957 56355
108892 173541
32752 5889
37378 209606
70474 22947
53379 93291
91338 41642
169625 52295
2160 281104
126573 319434
25564 179951
106624 312673
19607 276248
97100 290691
13105 223591
875 53793
164522 272409
7709 176126
34806 247058
35204 26462
182014 126078
179781 21267
19450 203860
209379 211005
36550 43713
129308 71355
290770 49543
304118 299294
249127 28249
2626 96439
192475 211634
76946 134344
268633 12936
214297 46807
198990 220751
221263 216158
105081 41382
58293 249099
271617 66452
96656 285893
2826 55098
101904 54978
29661 54589
270746 296709
162350 289153
98312 1046
103200 82273
274166 127145
260802 95920
315166 78339
3610 233192
58886 96361
272554 30890
64849 209074
13688 222051
65637 160980
71910 5168
256899 65806
57922 293418
303701 51083
147444 113711
278507 114873
162478 287851
8968 215013
284855 94558
138251 273550
235722 76006
12120 71838
20241 168617
88406 16497
120595 312694
102788 168089
37657 17239
120422 141245
110238 149952
185840 180818
72359 266854
36131 60178
62772 16122
196940 254570
287422 167077
205815 55971
261393 204740
58046 6042
173118 78879
211023 20220
309837 174842
185436 181311
23428 250415
56896 180790
301120 7336
222990 17788
122866 281140
96666 12618
6842 200670
91539 24974
274397 24459
90593 268635
202127 303737
219038 162879
165605 295596
250990 93140
256969 201549
45459 19
104446 298859
62536 279288
290354 51659
43437 276613
59737 166170
172966 311497
127357 75112
126748 154347
164958 296019
275630 40493
112576 316709
216968 260995
244329 22445
88933 294074
278101 372
228323 19768
32352 61617
50248 146332
260516 162951
225097 246115
290571 80136
277592 120683
63935 301341
21881 69223
297119 56031
253632 263555
197439 232524
289846 276365
58240 30004
33954 206417
162815 220509
51504 274572
39949 199062
235255 5793
8009 95290
71782 257731
130203 184200
114089 138306
319550 50281
312357 175174
57305 194693
30519 204426
255887 38527
75630 165926
122533 179982
72758 236621
318287 71037
39251 303514
50537 213577
213154 198617
68144 280859
88867 250480
10156 274644
20827 49181
191648 1779
281013 317755
210556 210
242856 92250
172450 38004
76296 35900
66434 45992
279656 285899
274681 92540
170847 153411
6152 301978
95078 208218
4457 100030
151726 157971
24757 217954
249223 195603
50094 233727
10297 188207
13787 196795
92887 71340
56401 46608
121499 153804
66260 296208
155893 312633
62614 182452
247009 56430
249457 205131
56863 19017
172685 143208
19603 46825
268320 299094
12096 73101
124325 281011
140584 111131
167196 272624
156484 176902
90824 196803
269125 989
62597 201417
150877 173384
232600 203104
33202 54267
113827 138732
310923 38296
31106 251210
114875 125970
38437 102730
268753 32091
47076 12197
58001 173039
202848 972
204160 12965
5995 241679
215124 25185
37382 246561
29529 12023
49851 102186
16516 234674
265194 10817
246668 7640
59892 200690
97744 102853
97956 7951
37786 180036
151875 114272
248873 162222
247943 201650
168247 24417
272320 296443
194787 28116
75369 147384
27763 163160
26458 217296
193328 252945
191962 43934
294187 270593
134904 272152
25741 210272
97345 11059
275147 8834
113386 147204
76169 196626
43686 2186
163077 243672
278316 62881
262734 68438
276925 73034
4521 255350
206692 224127
30754 187893
20521 310995
270943 166969
166624 249192
272957 72176
40952 277361
91320 21763
98047 269301
13854 276359
44239 37938
24330 41750
52881 101192
230719 198234
253690 7495
146265 275863
31525 256688
211776 30873
253722 164493
259076 163083
46660 29186
145678 277378
238991 201429
194133 225624
256496 306486
37591 163184
7908 292165
238107 21431
300461 60944
184513 70465
36308 254211
91896 33980
104635 70570
406 47761
241545 29279
189509 218472
25089 208515
268968 289701
188812 74274
318979 57050
270538 200017
16287 192350
37448 224396
274074 304857
202127 270002
14490 269212
234491 218500
116914 320066
208991 193273
66737 179491
4773 68682
209104 211339
168584 42159
199993 56449
91988 190801
171503 76405
52639 234821
77339 269334
55633 74331
215031 58340
25319 204274
231312 265897
134791 70158
21692 195022
269782 305332
318836 141898
219229 205834
59426 249152
205675 236614
220675 14215
97964 281290
174471 125084
314958 119726
166542 298524
74385 29130
19930 239405
279117 90319
230622 52942
16420 204846
67131 186263
269267 123630
62107 152647
240568 32577
198976 265128
207129 210518
261708 27592
234969 14149
221293 43833
88463 166412
277547 43954
71545 17930
57228 48920
261830 242053
41768 158829
86396 55667
163504 17875
196142 329
44282 15819
76611 203946
286549 276299
117967 278691
270423 4811
109003 180952
2341 269054
151729 313183
63313 269417
51562 196360
33868 90257
222258 189322
49003 100734
254819 17927
239726 31643
99325 236331
216603 38417
87159 24438
42364 196420
45123 230741
58258 33001
90304 47672
216376 60880
234077 164849
287780 8209
86575 42935
122614 108262
300199 283190
229101 54640
235974 168903
277031 119198
171755 309366
87435 74591
250056 71548
102057 49791
240450 202900
14175 231109
213565 50388
227582 45416
91349 39248
161258 236276
157366 315928
260800 160726
294758 204150
96765 301338
228877 54896
69320 275166
223249 12299
251307 225829
60753 26802
90928 293116
46623 242039
157548 276087
272979 57865
1974 103781
214641 198723
3112 18139
116963 136536
194958 36800
18992 51670
135424 186958
130620 78105
230911 203895
18086 250468
57969 30759
168180 229226
121805 274120
164201 231368
268204 2346
265141 196393
125590 273791
264815 231891
272906 123990
3226 279743
189840 230075
54803 211495
192659 20285
199156 248332
88676 274839
210239 94335
103356 45856
291744 51721
58432 97591
73282 160140
22956 56799
294651 278838
63237 12616
275543 105868
276817 97565
48749 21713
64028 205158
233132 162327
318559 124570
312788 141929
258606 194064
16591 168746
166754 23214
160124 42955
85173 304441
99925 83860
62766 255222
4618 31247
20948 208888
69806 212601
71376 280726
19765 11218
168648 225290
38939 250311
233134 72423
199111 256807
302673 105090
29456 9362
58717 235872
247089 204142
206121 2175
271507 49381
263605 235296
215540 13485
230039 27153
190071 65307
76533 17437
300603 76322
43913 35197
211950 190129
236942 18402
144768 180362
180829 137404
154904 126121
2810 19268
54464 30018
284383 89244
266323 16355
303644 284481
236874 160098
4935 41364
103024 76120
195527 23677
28477 166475
295552 284543
57819 306647
6287 288872
92856 241461
203140 67137
320439 187845
197706 63068
154932 157041
196202 276031
221163 163519
248906 218981
95509 102603
176188 36380
172337 20250
239231 44863
70560 93120
98866 295176
204445 238416
268978 122405
245896 8825
906 23492
304001 24070
59815 214057
38374 42648
246613 60423
171208 115178
69869 221538
29837 52599
17330 52440
319023 129204
60637 316770
262224 35404
14517 60268
201489 70757
131801 74807
228458 42539
38038 13652
215648 39417
57804 241973
208458 232389
7403 68564
146176 321241
31664 241877
255529 12930
254994 74647
202523 32073
319310 275697
203046 70773
47173 45865
320256 104963
261325 254514
2924 195048
214193 25651
264025 36742
232798 265200
71580 248376
6606 220690
161859 75232
299069 92726
317617 177202
198623 232567
189359 279308
123537 319777
200130 57998
291825 81508
134441 181599
43152 11793
102235 87731
13638 94289
183603 311079
144493 119509
205098 17211
13466 277960
110495 155856
235287 189946
200870 27378
21416 269504
17187 165908
74296 96212
37241 289182
113478 159914
163713 248353
7938 288368
52445 103909
161711 223634
170812 62432
94967 70981
71673 17240
131493 79698
9874 29472
317839 108683
250676 222246
186976 53516
111952 136559
24668 253932
237730 31418
297242 18839
120527 315801
164584 249422
125527 154780
273898 35226
87441 75389
66644 269714
189974 98485
258171 31360
15956 264694
70473 186840
246024 28927
151380 183156
238006 5079
132574 183647
16720 300676
15919 224174
11197 191234
99406 222223
302336 65402
179668 44817
258161 40028
33870 102961
210216 214109
166055 191281
28329 263603
91074 9690
240730 162134
168460 269767
114942 317692
206515 206707
194699 163481
104672 128924
71256 97978
27201 162329
60278 217942
58805 192221
236530 23945
267156 58983
199432 37192
55223 237787
43849 288726
95226 198326
78766 114793
257104 37471
180570 132668
25554 265034
302935 18217
148168 76890
191682 37407
210094 31728
69506 180124
198341 5280
13092 299914
71155 24838
121022 308637
275673 122816
196798 271952
227064 39796
289080 47352
32680 190162
214999 205116
91200 243950
202772 212246
162927 261536
193206 97866
311715 74708
97000 282122
79348 185466
74418 120275
190576 64862
194982 64449
43757 233020
179042 225048
283187 303804
264786 29955
150229 68767
97424 36795
3852 200309
115295 136704
171601 150556
61672 280077
123707 272883
179233 218691
235380 68116
194359 72115
164752 70642
298519 271469
1663 245223
113362 123342
88093 13876
203306 88441
17539 46787
182883 21363
143938 171262
104066 145298
216508 244647
60768 214901
253020 33892
228776 38179
61089 251620
50124 28935
294118 57572
242684 59253
221347 261377
290138 85193
320429 128222
17484 43132
182451 21037
38085 54662
287790 4666
16485 251604
224474 34515
30432 62145
21776 254218
43326 300580
227420 9846
299539 200326
49752 90012
74210 2920
65290 2567
218714 57537
210223 190695
270495 281584
41808 29865
154681 314457
43592 21941
71731 9871
298627 300557
55319 20222
20312 209999
13409 270206
96273 287781
257391 63831
198525 249947
305029 98709
232554 3551
97419 59893
117302 318001
57959 195229
177174 152073
196992 54429
38169 198335
7120 274075
131148 40385
212659 185302
62366 253414
70979 97813
66957 8102
201610 63417
65697 269076
57926 161722
15254 209173
31096 308355
37359 225810
45186 235548
79633 126953
14855 213654
234979 312322
244728 266074
118089 157293
71570 253118
267549 200070
239683 167436
92453 18136
47005 233064
135275 117191
278124 151849
41738 33025
190888 169475
27500 264603
88617 166115
34623 259529
218608 54929
55685 254962
63636 92746
10802 38552
169152 27280
193395 89009
175825 66695
166244 29105
51099 256699
6939 206356
295364 274619
61128 3063
49855 205096
293922 52914
119608 8599
70675 15299
268736 6806
307734 308999
199514 220734
229332 61996
33104 46052
253987 27239
184274 44298
11243 226706
319613 123844
67725 308905
91290 242248
294876 58712
269616 187010
35665 235458
33371 226362
230280 54228
178071 22467
101288 169484
231457 192577
247973 9393
255010 196318
81435 288777
197527 42369
63557 37300
59766 257310
13648 65334
266348 35000
174964 78082
190107 60734
1231 168574
254354 54941
25371 245094
254831 209518
275537 299293
201156 89212
257785 54868
151886 175825
99408 239436
189007 51885
203853 189889
131554 78085
117349 144895
94468 25192
191911 33525
140142 280796
223413 250162
95847 27444
198994 240893
20996 388
212209 203532
206808 233113
34923 196728
51775 233916
282483 22377
165925 89982
69488 201561
181001 6381
204759 15212
93522 236762
158675 272892
134004 275817
180144 223794
176061 69302
191096 239376
26220 239044
258378 262418
43657 92519
87170 295298
306183 221173
30086 75877
25907 226603
195708 52126
29408 7895
91676 193890
265441 37703
292875 285349
87791 95300
275014 92212
250791 57137
92696 297798
32403 184371
55450 29948
74116 269919
92 241874
279577 106923
229610 46097
87254 68386
138308 179565
303430 8419
271857 282637
203140 17914
90182 226479
71619 272096
86479 22205
20067 174388
190386 12502
228063 97541
169545 273691
231012 51925
117759 187662
2750 204237
199954 88757
263144 1259
232522 54968
223544 69057
197719 271499
121900 112620
164545 102281
104334 52326
196795 75645
227433 57670
251024 263856
165006 24803
270761 278420
268027 278924
205625 44809
47739 29055
222720 188369
313520 134023
90471 270248
54030 226526
97866 104068
5010 19396
213097 160959
83036 303753
205767 15806
125815 182292
276721 101317
6572 229134
319850 142931
269366 88258
3788 31886
205856 67278
240390 21695
124436 170809
152857 140530
162290 229887
26792 221649
275492 56192
320927 120112
186761 156149
21469 55285
4638 60462
68756 176855
226406 166390
54616 63205
47819 163585
281936 166946
120171 171961
253243 163283
75080 207031
312065 73031
88902 34400
72618 210167
246384 215653
228691 15193
93028 191396
40894 61033
35117 268241
18965 295864
3663 292435
89333 41877
51580 259421
218770 1824
39894 239449
186419 18875
214509 20109
146053 108167
52830 34748
21607 221444
168922 221757
108834 150750
16154 46695
160801 234686
89495 160957
202252 220365
68199 256205
5884 197916
64220 231859
137189 174068
4549 276539
221335 94043
7840 300401
259800 13723
24303 53013
60101 250236
194375 53525
208768 10293
47891 165793
13014 212761
254315 199029
270419 96763
24631 203464
18442 263696
168565 19384
281927 92887
293121 87588
268496 89295
261929 217644
186057 171591
50397 164080
224088 245875
135663 189075
167178 65340
264718 221919
43832 211943
280242 119968
206046 90897
49 51953
45941 60892
260801 4912
65892 256893
273680 16955
269359 153768
18866 271461
255929 215523
84259 292944
216769 22545
211858 38726
293313 269486
277586 130754
177110 154710
313472 125199
193509 11067
240809 195880
171964 136307
218424 164749
69273 2504
209881 211903
25967 202082
26372 3500
176540 152212
77014 255399
