181908 280488
137379 212369
297662 206652
117272 26859
219387 288522
134030 245353
217444 54962
156045 279016
207173 125487
313352 268293
199884 173989
112542 15992
65087 295236
107675 164991
147074 89966
54945 189803
220144 131257
134288 212225
284581 219203
120226 221363
65084 263200
222910 141965
142619 48713
116962 195592
302930 209572
306771 41308
231111 120105
44539 297961
216903 161500
57314 110480
177540 38974
205083 121250
1093 278699
92890 173039
133607 225182
171772 288949
278404 216310
265639 174037
131989 53361
248078 130068
279227 108330
188489 285659
319659 7301
217745 294376
106328 228168
155674 235303
250402 301619
294981 226790
311883 93355
241087 296659
199149 298481
120858 95623
271586 227185
2520 105989
26250 173730
154079 244767
150286 245685
260015 277804
62225 110401
201683 303311
85789 64883
288857 221883
132772 166735
199093 138661
262357 149408
140428 70825
232507 41478
137424 166309
260600 172742
139868 88751
208834 110688
113219 95424
195560 297914
47979 106797
224423 70435
209255 292776
198299 303226
70105 292164
92643 108770
50270 145563
84398 245398
84900 214261
236251 145273
309024 294932
115675 82040
151469 279033
320660 238662
307998 238562
296358 241893
297737 23399
4721 80026
236440 153849
95135 257630
170670 300827
217593 172721
130632 49985
254818 117359
288547 229905
253303 88057
53114 296252
314500 91288
96658 114702
130168 185404
141062 8254
140006 243686
293671 320823
273027 260947
169128 137082
189576 222241
318366 67838
182539 7458
204113 288770
137467 230207
182055 277473
111871 10054
132644 63628
271000 247132
144698 39451
293653 313825
229795 298388
243745 297365
190877 86663
223085 129794
262886 127758
98701 206567
150257 19351
140459 81612
213327 88198
256265 115141
217992 157184
54608 159607
284942 4129
109682 210351
289395 67901
144100 52439
111872 285397
101435 312362
245776 311760
262666 155819
54232 154922
283561 106037
181702 122673
129710 4532
174960 319056
135205 296269
158688 211875
211641 153379
119522 241779
194467 294481
124596 214703
77412 303827
150755 301478
192082 150157
285502 67828
126790 99193
127480 193457
113965 246545
220212 123593
139977 53453
116981 10250
140547 26640
176796 267212
19029 141028
91758 218044
141654 197001
20366 281631
127528 231331
28315 153106
143003 233038
24587 284082
248602 269437
309672 206601
114193 92481
310524 243364
287982 215921
275686 243955
265391 288245
154015 293705
120081 297017
123132 90195
117327 256765
83241 128838
272044 128256
110766 216164
95230 264780
188598 100342
154950 191167
112347 163113
166393 114706
105466 125735
139604 232303
78470 67316
152252 58731
159073 21415
183713 314022
97613 181092
40896 264006
295797 139503
238823 79992
150269 251225
250470 144934
286842 58649
274961 117823
117379 55849
154234 59908
108598 310042
320601 37797
133705 250426
136801 239153
242007 174942
31371 149473
15155 314936
182713 214025
287939 124195
143333 75266
112966 27695
130617 299952
69172 316596
111425 32813
140859 246006
295330 143065
278980 156772
35819 130680
205945 278964
295698 140060
315693 220107
58518 139220
88430 158600
70569 114320
83335 44628
86432 178235
56755 137462
236802 275884
275374 237913
114832 269796
136749 58381
294048 183924
266241 293720
140088 306226
82053 199745
76016 138167
234928 133688
167213 179898
106137 51230
69145 114145
35333 141717
99060 111349
20464 131538
194583 290084
142079 300720
90798 256747
42346 122890
312268 111491
158043 282904
153779 1688
30811 83984
277521 82663
320335 204294
220620 136566
171387 202867
156649 271939
98222 116441
84135 234634
296638 135611
75363 196984
188127 305457
73512 80806
193354 179163
121587 200601
268564 256322
51492 229879
143242 51720
156269 218604
299155 591
117647 220937
301742 266166
255352 82875
121366 61878
218611 316681
128871 63051
237967 131549
283987 310779
92770 264458
140707 26852
288822 194569
301454 173745
112715 65350
89851 126617
128400 6547
143198 297418
147850 36731
231299 90667
91413 108323
189913 136808
135460 81636
264107 675
170570 117895
10125 296207
11667 144123
43439 127997
119822 17820
286281 253564
310646 114150
254239 129787
54732 205294
284749 160618
102391 134048
163544 112516
315286 188263
155522 211984
217417 198960
71945 301901
116253 11708
18671 149402
200680 121061
118608 47529
131529 25626
140995 18801
312045 303625
120235 62719
169287 121519
280728 240242
305491 121887
175277 102828
261989 313959
92596 172503
90514 39026
224440 81288
315940 191534
172925 269345
117556 42177
69961 292832
148118 292025
117096 222099
39657 158070
9302 107504
222923 99816
240830 301475
175002 214642
141047 26656
162716 143634
68833 117708
115195 98869
242114 148344
275925 244241
81040 258644
217896 90342
75189 282741
15703 141323
105745 256532
121527 4447
91077 181560
269574 261014
145980 190418
88088 306936
113388 22291
165967 82903
169801 95876
293784 244989
52569 105888
308555 162559
278549 256858
102302 309560
88916 263678
128166 258716
244585 306981
120115 195040
300927 318662
113861 201687
221708 124718
142165 27847
130527 262279
107918 310998
319994 87574
308389 98158
44305 207913
240523 151044
11360 283321
249550 139288
136284 303471
216349 61534
51261 309513
90570 38379
86400 265873
157186 208194
174483 76438
22277 108618
229636 271827
139059 178912
240445 82680
198660 121226
297408 240877
202347 137450
312827 10899
119516 209339
24052 309749
84922 266050
289531 121152
315719 51952
158040 204095
69835 137743
217928 74382
262129 115659
258407 284744
114555 6028
284554 191660
47278 146037
27673 159839
62161 130632
234221 294274
83011 239785
193644 155465
161493 136328
114125 20729
180673 46434
119649 214591
136569 202659
292131 24361
263836 276875
17623 183697
251133 119028
172714 25201
124823 304193
118723 285310
286601 99557
62940 264437
153785 240103
173830 229372
131357 235623
151209 227559
181605 300077
183163 288989
179471 200786
36447 109333
180252 144387
203073 137707
22464 151045
287176 176249
69877 139735
260389 120591
313824 120724
305699 60748
146565 9920
158264 30139
104112 177828
196060 152162
213442 281216
221804 131107
46278 310442
121657 12646
158567 7633
104469 130758
306021 147076
65059 311058
194072 278500
156035 265834
140053 202244
65133 316883
11751 283487
115797 58028
276976 109955
130117 60174
125744 81134
294341 110494
201660 141347
119004 239692
241137 132087
103804 241965
91025 175920
139461 64095
286413 252702
308525 156757
123776 73946
298103 54381
300690 205455
146733 304726
52624 129244
261330 135284
99486 15205
46056 125683
292327 22112
301602 316819
86206 266745
248250 279762
308533 257057
32437 285366
196470 218159
233095 139269
318060 17823
215306 170417
164807 186362
192528 145139
181910 163765
296915 315192
122256 284177
142914 72917
21438 151266
47557 99201
2056 149523
90531 238486
10584 129332
298541 72985
84193 200508
108796 89960
85730 76247
213737 293193
250015 89849
140012 82432
96796 176179
249163 317393
81662 229527
277676 202603
148654 9224
84048 30047
294122 179702
76819 285253
42113 297570
204069 307086
267801 222093
66845 294849
193635 147135
183256 227486
152845 294397
102229 219928
202828 120303
67669 304456
134818 261303
312821 20918
254805 176924
83139 253321
109579 235983
111479 167378
207068 135143
272536 85026
231360 283402
6646 107942
189351 146482
284865 62717
52780 312547
267999 228237
203254 38828
42109 210695
283366 239114
202709 314193
64478 149488
285307 180869
288811 186002
2195 137437
119793 258795
311651 92902
79191 273746
217047 120848
133005 169141
62305 129655
315656 233351
52314 128136
153912 6547
155884 285713
159938 294113
175549 80964
95650 237767
152730 296338
149847 205043
103203 188790
84904 316481
201583 283151
100610 161483
315541 206204
179046 287979
83012 33324
253974 295924
156209 28354
97452 308938
209723 132331
192710 312925
321120 289330
121572 84754
153575 80271
96399 318863
134578 296971
88829 153327
14941 152906
186230 259041
258834 302237
135861 251683
250455 289435
172059 30292
68651 222526
320478 163784
217790 278116
11935 170151
65352 287726
281995 32445
152818 96211
78824 214411
203618 147474
115666 181172
33881 292844
245262 118421
265625 172374
290362 151266
220906 297187
208965 184761
136265 76648
317545 76277
258495 73739
286973 12583
256384 297937
300155 255933
250195 305116
266795 36468
158631 212577
57293 77945
223117 117829
149003 208914
143576 54040
210562 148591
198599 290962
2441 147235
101296 238245
225137 132877
180393 233950
118899 92793
286426 317497
268786 210544
297801 118565
229090 85746
133521 80393
30349 320019
114018 50272
187432 45923
22955 141710
245162 137076
117521 169563
3346 135064
231666 291762
216615 308876
194512 131995
182266 249632
175025 203541
153162 98916
100981 99280
239448 157219
293476 241421
228680 273109
93223 189921
206568 273809
250571 266758
183943 30281
133813 198640
240890 41482
243377 98092
26083 290287
171909 204590
77830 306189
251542 111418
197497 180843
276677 238248
281958 196297
294388 190844
292809 213678
125145 4352
168585 307621
52225 133837
177961 17763
106859 15424
251784 171489
88614 223322
294482 280374
101275 140959
308239 316932
251001 114439
103037 181514
170960 191650
285293 111303
177401 3609
184406 284375
291307 121802
307890 277872
148252 56318
286888 145964
275833 237260
211635 315229
260154 175627
204558 131806
174416 165512
233627 106977
84309 116784
98978 292336
130372 270898
117029 84935
114700 283553
28985 136414
275049 174171
312040 43368
58573 133034
58440 126332
168288 188812
158778 32909
105710 158509
250176 115509
289679 253547
146608 31761
233094 184675
320399 232800
265708 160067
86478 145930
80128 221685
310670 229847
160213 121753
75762 88371
190020 308855
248032 103735
188452 83603
110833 87058
291802 75992
303928 183174
25578 142870
135194 204181
267110 209861
104589 183849
113197 100453
155939 83728
211615 111338
187004 195271
217471 110165
275417 266249
255054 120226
170603 112279
274049 32601
285905 263669
216450 77831
42852 257420
285861 132350
148461 61238
99680 37740
319572 204958
105392 26418
283837 224752
242134 171095
70320 129934
187203 119186
144828 76148
174555 229565
262839 131745
265204 62093
250265 138630
111675 205616
153595 58645
260647 91331
13168 153818
299869 190118
34405 139828
48122 187090
125437 310961
98823 89189
171460 210497
269142 119213
199531 120320
72200 100218
201774 106604
200594 173199
85506 211062
47921 83069
41489 208115
235840 155868
210041 171502
108921 88301
277042 258380
50554 247579
148171 304776
215680 74692
100034 167652
193923 113125
274232 82693
288899 185821
122930 57483
56011 156133
40988 156722
115856 232608
167030 215889
285291 28458
230492 287540
66061 313836
105691 81592
227707 275348
298336 38280
227392 305264
41476 315326
276517 82464
150777 71102
172023 164123
116327 81244
280111 29087
109943 24216
172663 295562
272089 149728
18754 156919
95006 112858
276981 184675
233303 177437
206523 143256
141706 202232
318592 86530
258863 299915
13629 287696
90217 125107
171276 86220
186128 289307
256645 121684
93245 174029
165864 186978
165623 223468
159382 206735
220751 86182
133100 246322
246021 146728
156866 62753
307489 114333
267336 172346
82370 87743
303662 184482
202623 148255
256491 129693
136742 100843
238192 296123
192610 137673
92085 78095
108287 284605
20712 159829
150809 271852
117077 238463
253187 120609
38172 170109
301764 230781
119575 294388
150429 197034
233772 171140
193493 291785
45698 310569
247898 140893
80612 67575
263527 85895
208143 152235
127374 72974
18059 131980
104521 159333
23482 298013
287312 17553
43477 133948
270072 124542
149646 235716
192116 298205
340 285290
129169 12745
243296 147228
144725 289387
133011 104134
287135 237531
263466 310616
264826 65347
295896 42298
49349 224405
176246 319421
118898 104823
302825 119237
199236 183328
245779 83925
149271 206788
116663 83652
109922 177940
81802 22629
182561 200699
127452 49147
204967 81326
75901 83363
29477 154375
287051 63779
246195 82443
147430 241148
260383 114263
263777 6705
199993 276260
262153 83689
190700 84873
92414 313107
261255 53346
281501 228162
320167 203714
243120 291659
259133 124613
238876 121762
296283 117598
283053 122198
70290 266716
317552 10274
205093 277782
238435 89021
45257 243043
117394 173409
104221 84469
91262 185948
193177 317076
281969 113176
123449 31075
119793 246915
168687 122521
223490 152181
319509 74497
224801 155046
68644 267687
150552 29342
98943 312415
163482 158182
190162 146717
96125 233785
244320 320925
67561 312963
52752 222392
321183 164373
50869 84558
263154 99382
242740 132046
266117 301602
149889 189166
138020 55364
267899 255479
303180 146537
271465 113039
165755 155672
29143 316903
136003 64063
69831 115988
166543 135721
107676 271398
197593 178319
223826 187509
234803 170455
121717 226037
159154 241195
172051 315651
150052 268407
218470 171086
11199 288300
287073 177741
102750 99181
319970 95458
273776 187553
260093 81527
116850 266842
292356 30479
296058 28168
136037 59942
231027 172388
206568 81861
289807 206714
315184 242312
188707 218121
128467 305556
48724 321061
139310 31493
227989 275347
125327 285214
158107 11861
83992 6641
312197 5867
303582 30076
231977 103915
210395 111873
109972 82739
159545 90007
274333 202684
101867 170297
132744 302702
191279 123670
154323 297943
124852 43447
294847 119855
11217 177973
5546 78459
239238 279878
128904 290940
30969 153192
178428 163712
134623 254738
172413 6952
107058 211189
226226 154626
64041 265580
194058 311177
52911 112692
191150 157505
223366 36053
5723 184674
233417 88877
2649 84560
95828 316009
180780 207086
149364 244820
151395 165694
