106216 105654
216078 217165
353602 353350
215428 229558
156715 156907
29794 29545
138850 143283
55329 56843
364825 359250
67282 67350
434136 434232
265605 265666
369809 369970
211473 211243
157181 157308
149757 149617
385726 385203
97905 218702
8984 6638
27508 24635
144551 145122
221016 220937
229583 103995
402310 399316
123923 121253
108772 109019
90799 90817
363273 361212
222900 205588
211267 230980
110796 108643
220873 220548
254720 263302
32607 31078
221782 221914
261901 262401
52755 52003
24180 24442
167652 171093
222108 221215
270631 270584
123438 121686
214232 215951
22835 30227
103109 21556
14961 9077
152996 145541
33597 34259
62722 57200
297529 297645
28072 26461
121076 122475
224998 226091
27776 37013
216843 212748
209038 211925
59526 59640
12443 12357
156379 156632
226023 103650
29582 109458
317099 313449
26092 111308
224763 225275
225472 225362
269670 267857
26806 26736
66238 65702
107751 25267
59409 63438
63190 59443
103091 102070
99226 100201
151619 151097
52834 63526
155658 155565
260830 260936
289299 288959
22216 22515
24365 23693
252474 271242
95362 95487
216806 217827
400604 400814
35855 30200
13174 28947
131410 128561
212660 211586
107021 38054
21450 32823
32654 33030
366439 366293
22141 22224
222075 222731
265444 271126
213218 210107
38210 26046
10222 9938
107537 108217
62857 60187
52496 62359
257605 252041
151806 151435
166584 166165
106431 104663
242655 247110
427253 417150
366881 366353
226684 210425
224642 225097
336168 337178
211619 227515
420442 420556
429791 428963
9284 10206
153366 153087
43633 43420
362937 363048
223904 223653
25798 25777
226482 216441
147514 147954
223801 219890
212996 216691
229685 223821
5866 5344
41716 44133
98963 98970
33187 37583
258726 257401
12589 15872
110448 110105
147789 140439
84485 84669
420283 411974
12286 30180
152280 156270
8124 16053
99391 99723
170822 167262
240803 241952
99085 99783
168205 171066
35513 26748
224883 231951
115061 119119
18239 381691
298050 297853
101439 102372
106801 107183
123153 125071
13809 14628
101922 102768
266768 269709
68969 69026
382113 378831
262057 262054
258229 258473
222023 225942
301296 299242
226044 105083
369806 370065
74922 75097
41752 42562
9867 101726
263244 261446
223106 104384
228617 228216
289332 289481
402960 404728
122295 122858
293239 293203
366570 364033
52085 52255
109593 26487
264536 271111
145552 150463
415761 421824
218317 217470
218188 217821
26229 30076
106144 106770
415713 260606
222409 222514
224653 231149
416928 415511
395280 395271
104243 104011
419828 423297
5678 6363
258644 252300
104573 104637
274406 278064
119831 120538
23212 38448
334428 333649
262746 270292
22363 35362
184810 186475
22040 21646
2753 13385
151693 153676
237898 238000
216368 218571
22385 23414
201170 201284
121846 121863
13608 6313
222683 97345
422534 422048
422150 428951
220721 218800
248137 243891
215190 217135
165267 165251
105621 22095
155844 163124
212344 212081
21981 21672
221849 222057
270973 259089
119250 119870
356728 356432
120675 117351
297736 297936
364032 366570
346359 346370
111392 231183
214316 217221
110841 99208
216038 216791
30490 30631
106529 106975
422636 422129
121655 119845
145067 145249
385534 385204
240628 240489
300199 300388
225496 225542
51952 52329
123067 122733
211533 231988
69784 69805
35213 123428
422949 422873
330296 328160
20962 32085
222854 222231
362097 362753
58538 59281
369834 362061
215592 222034
211596 211490
297586 297841
222234 220710
149358 150552
155817 155563
16205 8942
9211 9969
107004 108589
24324 24357
150031 145297
164561 143698
56767 57489
59861 64072
12174 38663
232016 211321
297238 296278
32686 31749
261438 254550
406121 407649
60851 60707
366904 366315
145398 145001
297756 297964
25219 108061
297628 298045
422033 424128
366656 365477
260961 261259
59031 54851
124917 26905
180361 180363
30931 37271
207675 231209
228539 228947
339953 348695
9750 7717
150850 150981
13688 14463
39437 32598
105081 104904
106189 106309
8497 6512
24248 24502
22776 24746
138427 150581
404959 404553
105281 229633
384894 384820
99249 100452
417510 416709
258699 270744
259513 266929
116582 117227
21427 38815
268531 261445
28234 125833
356724 356291
94113 96115
110793 101012
10094 9154
143720 164287
212896 227642
215434 220819
211905 211988
61356 2308
30412 35806
395707 395174
162036 161974
103118 102385
33959 34090
103178 21510
7315 7454
223772 223990
223785 223672
31342 32852
123638 121068
259226 259338
103511 205940
160216 153684
227228 220632
229823 211358
57351 57251
66865 69883
4083 2058
37844 37113
118692 24455
228943 230494
132875 133039
381538 381319
262206 262140
107941 110911
22226 22925
120696 120712
32607 31902
26984 27388
155284 155619
4065 2190
259241 257515
3095 14363
269557 265458
220584 220979
169393 167616
52010 52949
129295 129368
278086 274763
10271 10341
230446 228470
52885 52921
284216 289943
421123 420904
106075 105904
6718 6628
231422 211425
230844 211957
163639 146050
217597 222485
381329 381537
179469 172960
24826 24085
377744 374922
100194 100258
273518 257119
294867 301529
277935 278694
106408 101853
39422 31801
159212 153337
220362 220518
296653 301644
16621 4855
260291 268537
137503 152220
37888 34039
152908 157103
166506 167509
98857 98982
14400 9251
28012 36557
15254 101269
220825 222588
240638 240420
28384 37016
212576 212724
95658 93663
66933 69779
106878 22175
19787 19849
128030 128044
24348 35367
247183 241374
221548 220490
166338 166351
262384 262173
28154 35205
369834 361940
10759 10716
218492 215814
220554 231328
426020 413998
218638 217015
271026 269018
280529 274773
6584 8993
20102 39440
149791 150451
111102 105129
412115 413846
218380 217521
148599 158938
6209 4351
403673 407931
180627 179354
101587 100869
286516 289343
364471 364340
222747 218230
109636 109882
289594 289642
106206 106252
156984 156740
351718 351740
229438 218471
356426 356849
195696 189134
61964 65922
412788 428238
157725 157713
108670 108590
149966 150296
59340 59587
148668 147944
32972 21162
228647 207338
149260 149235
120283 120946
55436 54939
289487 289301
217082 218600
222453 223461
104452 98160
405979 406345
353425 354691
365230 366347
6954 216995
22883 22391
99302 99260
217172 217918
430083 418380
222662 222993
417525 422281
329533 329129
183271 183283
281636 282456
3801 739
412472 429739
213715 213433
149648 149411
147384 162102
399243 399303
62075 60957
28160 36997
386190 386198
360384 359520
24221 24146
26324 30062
413479 420947
276295 277925
119114 119196
32696 35264
101250 107915
355864 356422
270588 254046
296768 296976
144899 149507
41351 41988
149793 152079
255982 251806
58815 61761
429838 421837
106453 107548
259293 259131
36938 27332
362979 373006
69868 67131
15235 3834
4679 6118
257441 258056
340582 340340
6534 5626
55251 54984
386856 385240
257556 270415
31158 39150
105418 21712
149652 149626
223970 228093
290664 299160
104032 104324
265096 265398
65938 59222
98434 98661
31052 30378
101048 100269
228186 223911
106564 101968
23776 24252
155950 160074
16161 15747
365423 365730
423203 422662
52073 62978
217072 216478
216612 215901
54400 62551
220771 217812
220420 229175
212994 227627
213882 213364
210786 214903
149532 150414
32078 32192
252015 261643
216262 216809
12406 29095
223988 228085
227152 211175
4796 4812
211272 229132
5932 5794
27695 28320
209810 219083
397546 397575
100777 100508
33050 36481
164162 138108
328840 329529
145705 164692
108648 107702
100293 99854
101224 102040
244091 242958
288159 288522
299414 299588
379616 380111
299828 300455
300855 302163
157522 157482
299382 299573
8791 8908
424210 422750
11998 110471
262009 263144
111048 108132
100460 99194
24740 37995
37344 33949
355120 356374
262771 262901
206958 206775
231225 340055
99752 98746
215051 231197
39416 32245
206686 210506
222632 222939
427001 427006
101794 101497
180821 182294
229980 224522
161953 148780
227836 4329
21830 21752
124953 119355
217673 216893
260523 261804
158320 158115
100272 100815
231053 210062
97944 218620
59710 59889
98526 99099
105577 22157
26139 26528
371066 371119
220249 229562
104923 104757
32543 31786
150425 150449
102561 108095
26098 109491
162547 154370
33303 33326
328043 330062
103983 103897
16295 8670
219116 209901
422658 424185
168320 169119
190138 194924
102276 102624
123660 123385
30827 31248
151557 151505
154710 154796
298939 298663
15194 8355
100333 101610
102121 101665
2180 13515
169404 169242
432274 432287
33814 38290
421233 421334
155295 155753
101221 99887
270084 270385
299283 298985
364707 364781
30243 30198
216892 216905
156366 156420
198959 199103
220519 228022
428090 420996
395972 395988
100141 105882
205902 205881
411980 422929
55966 55879
100521 99830
388168 388204
35553 27882
237380 237349
10982 11197
102364 101980
224455 224804
365803 365852
429330 425997
100054 100109
106920 107013
8737 8422
221353 228012
13943 13814
215462 215084
365072 365058
183707 186411
428182 417964
272506 269931
8097 15440
56939 57209
29826 26099
225183 224834
24052 23437
62243 57069
112862 112835
59695 59799
231972 6987
78927 78935
144677 145037
145248 145408
29521 29979
380039 380373
36156 20331
123655 125093
9344 9097
375116 377690
55621 57262
105569 226072
213801 211377
100534 100358
278791 278162
33271 32049
34492 38127
256716 256833
106512 105721
420813 428554
258048 270368
98947 99293
30292 35859
62235 57692
31983 30560
219262 219229
154206 164057
365054 366671
285966 286730
207655 209682
123216 26853
10005 10251
426964 52771
14095 3211
22114 106169
62443 65912
363380 364630
194937 194726
196298 196239
57179 55532
23350 105397
105897 106585
263092 262997
228257 225993
268496 260350
26295 26328
297509 302538
98278 98720
30225 31612
156619 156833
366298 366525
30641 20066
159941 159775
97488 98613
299257 299881
162645 147431
109761 111224
36496 36477
247009 241664
100911 99773
105153 105384
99799 99962
53048 52201
60146 55473
101031 100114
154063 154000
399516 399341
55324 57340
420391 429001
106333 107458
105309 21789
263515 263240
13718 6900
185414 185235
7571 16411
107606 107412
421429 420893
267676 51294
37322 39102
407087 407702
37146 37693
11656 11749
272245 251421
149732 150588
359117 356111
155928 155703
365384 364843
354177 353791
58480 58521
210020 210224
385509 385247
183771 183456
7638 6289
35353 23698
106560 107534
102932 109199
164904 161129
28282 28100
407105 403054
325790 318170
83371 79225
366873 366954
100082 100128
111691 111786
100991 105915
224985 225596
6265 5000
39692 38513
223045 103987
59923 59756
422913 422059
30705 29896
105046 104671
297758 297748
217127 216134
105961 105921
256557 256595
99633 98851
167498 166170
150581 150411
163079 156739
109026 99374
421999 421507
150989 152029
296973 300977
398732 398438
372369 372410
61023 61137
228250 35347
5467 8292
286227 289722
399768 399754
318364 317690
211840 61360
137460 150099
136693 136730
104756 106076
39272 34477
100841 102241
103597 104121
107076 108535
228157 224519
340368 349039
4253 4596
349532 349633
161220 143215
263656 261672
24878 35466
123653 118691
363257 365698
10466 103124
102813 111511
299768 299283
25123 36179
240075 246434
55596 57988
213693 213700
150283 149951
227246 222214
401022 400820
154147 154325
152354 154030
15650 2897
60915 60969
60893 62597
421166 421537
56041 55941
74053 75113
98859 100351
55632 55511
25291 108389
31209 31303
107844 107797
159842 157457
7151 216216
9261 13765
421816 423013
184936 188592
12630 12545
100946 106414
263599 263172
157124 157382
124953 119217
70678 66969
58049 62010
22746 108695
55355 56799
384829 385112
240959 240682
403928 404356
430656 434385
29870 34952
32611 31959
119437 119428
60020 60533
260688 260645
22700 22167
97014 92277
8973 8498
198926 200375
110707 100278
11408 10886
155889 155854
224041 224799
228580 230118
221841 217553
82585 82893
111794 25302
97661 98591
163045 155922
230967 229371
160826 147614
59111 59146
99290 105654
364785 373160
318592 318852
105041 104161
108028 107493
22648 108545
214301 213619
217456 218004
224513 228156
270395 268148
218145 217515
24209 24343
105945 107303
224702 224191
224956 225455
402312 401658
21384 25935
31982 30507
74638 74437
101875 102039
60506 59792
318488 319172
166659 167695
100745 101184
158953 149267
24854 23731
154363 154696
128096 128004
26954 35628
154633 154249
38791 23002
151288 149771
123339 125675
257821 273437
421393 421802
381102 380933
407157 403145
99466 99848
27004 27042
170984 171707
423028 421634
156321 156289
422482 422915
107754 108892
5978 4735
30270 30435
149210 150390
361941 362764
145174 149950
35380 24336
27157 28150
109281 109367
228944 228676
149531 149439
300481 292130
217524 215479
215161 215215
34931 31797
297966 299103
71253 69829
5298 5804
47655 47723
211842 3343
107363 25260
421048 413571
199359 199247
174902 180052
344598 342711
22444 22639
355300 355994
372035 370399
381512 381993
164342 153531
106377 100949
151382 149247
401125 400731
36750 21954
166850 167536
3226 15375
164770 159438
297287 300953
261176 268582
27457 28836
100760 100519
150048 152005
105769 106674
70354 70360
228398 226535
217826 217794
26643 27350
421130 421660
230621 223763
220710 220331
369981 373261
100422 100000
225356 224780
363379 365860
111274 103035
30660 29922
147456 147274
151616 151875
63885 57786
216344 7160
151148 147867
289822 288465
27090 36557
28007 27273
6944 217021
218300 218746
37106 29703
222728 222770
59586 59632
242632 240914
261774 261880
54655 56737
429945 420102
97205 94713
429994 429921
