58188 58334
270155 267346
269997 268945
7011 97620
4063 5110
3838 5642
320350 95767
22707 35207
21310 111017
38261 101077
161455 154467
110275 30102
212303 64208
269586 255725
229428 103558
224307 223776
295098 293895
99405 216108
108420 103954
168050 168263
230815 99904
10874 16048
218338 216083
118644 108576
106256 22589
15672 8693
35907 108127
107069 220760
104569 216620
98097 104962
61319 2701
228107 105383
58833 51964
22333 225141
154113 158410
27927 38195
270017 257929
51102 52161
14775 16821
238598 239567
108811 106473
108446 27188
417058 427175
331977 332282
209478 213696
248090 246380
221017 105472
381945 18236
11644 110100
5271 211534
219451 219005
215881 214280
427740 14065
212283 3712
108844 101040
31035 30207
214339 217983
214338 100650
152593 150938
107724 104939
26583 24668
149839 162673
381419 303517
160843 142789
62005 58750
29678 107949
21989 209325
100363 220178
163154 143442
6346 4810
64295 61456
222232 107185
365924 363724
33222 28996
98510 13914
372908 363820
186702 186335
209366 228477
111596 223752
332642 329234
60704 3024
109099 102686
57185 61625
118742 108817
220870 216815
51602 52647
152034 164746
7098 222740
7078 10094
14432 8644
297016 301592
211289 60701
66347 55238
239489 130874
23415 105393
162117 156093
154375 161313
122385 119972
28140 123457
212379 231332
29687 29254
25331 25190
371077 370739
58118 57467
23273 225660
151536 162407
103205 99847
234746 234657
98389 215429
108035 30661
147917 160075
430404 415764
11765 16939
6283 9613
140009 151743
421174 428211
407720 404727
98270 101809
119101 22938
100237 21720
109858 35468
74401 74517
141356 144198
34210 38121
65019 59240
264880 259953
36532 109373
59338 62787
226019 107684
37949 23533
102778 7532
29725 110821
226539 217385
97993 227584
221219 221281
30602 31399
146907 148069
405055 137160
101278 99032
111144 14495
99797 222995
225397 105220
8191 3426
2780 2635
364210 367095
11479 15865
108622 226084
98345 3864
178095 174982
155334 154539
213161 216322
65936 210835
21432 12260
272488 268051
155130 149764
222540 215699
26739 104925
104666 221108
60649 60169
433427 432979
295830 300251
221947 228069
10176 8304
104078 98150
20011 18698
253802 263654
144474 150497
221404 23077
153055 156446
222382 99542
29322 30395
294971 298373
51287 4429
106843 23915
25490 106535
56092 57951
24781 118818
108242 26692
156897 149889
214349 211321
53444 64646
104084 220914
420665 422408
99086 214548
62242 56714
29808 109104
185504 188444
403650 348361
67871 70352
238188 237819
273213 270941
171367 171530
216495 60931
211386 218456
106927 216861
100809 217881
227663 210212
25480 10366
25971 26186
4963 9794
194492 194904
268345 261507
94300 96158
107599 221847
98101 216265
211677 58735
223688 218781
223005 7208
420054 423040
211619 7304
268568 260164
56801 59258
221197 23389
5270 2445
108756 110919
4835 214039
372998 364198
154975 138621
66082 59165
104761 221624
37845 32633
74879 207120
118910 35145
139001 138993
400053 401867
31920 38410
212523 226523
215854 99310
31353 36534
218782 224619
92599 91165
212154 230202
38729 35880
101345 108627
109146 124685
23291 220003
89082 88980
108306 22631
153299 140232
145795 122152
37929 35435
108750 38832
221838 98630
108285 29239
430455 427722
95729 95289
7575 14619
216083 215546
118794 28842
109235 109735
9157 100051
222725 214712
101901 38658
11894 38270
209785 220220
121066 122715
218020 98469
110613 110236
109534 106050
99118 223348
221147 221732
84444 82270
152888 147600
156471 147801
15252 99156
153247 156549
98852 104988
148937 162077
261724 260668
9290 4500
25838 12367
105560 101062
11889 26597
221136 217538
22324 27784
56826 60581
255346 270754
207422 219209
101687 104574
6715 106372
104291 221298
7247 211311
214219 227846
217157 103734
10923 3057
114062 120880
153459 161838
52019 66325
216315 216527
121650 109001
257461 264153
22871 26771
223543 111622
4008 8453
22259 99649
227067 7212
33100 28644
98913 220655
105863 102231
107412 104732
26602 10655
155425 148001
23190 103598
415389 427333
114063 229964
35089 34550
100566 111381
61766 60810
25732 28510
63831 52233
2894 16747
164464 161100
188415 184104
228461 220752
54906 55466
222625 105411
102905 28982
55344 63508
207949 99002
378607 378391
7668 106363
299259 296506
262590 260927
271015 268312
102778 10259
26988 123651
106857 27950
11629 8525
56653 56327
22301 223843
221173 229284
81921 79727
26487 27597
101847 104863
110433 29248
262504 271279
21928 225343
107154 104482
15480 210851
4962 100379
217748 105708
302523 294998
163701 164029
4964 229436
26827 123175
14734 31244
359384 359220
102150 104228
407206 144297
148664 151488
108378 222890
363297 363778
159976 154343
33433 26181
211069 212585
29607 25293
211961 211002
162535 157128
34941 33141
124977 34304
224851 122959
269034 268828
227233 215388
59930 211736
23733 226013
13345 7575
6600 2402
54803 54523
26076 31135
221894 98605
295107 295488
213063 61815
102185 108876
4322 5123
108405 32154
216001 220204
214036 13581
414380 423743
220190 223463
22327 225720
225377 114503
226211 221909
226821 223465
122949 23014
162753 151180
116531 121696
30448 35279
6637 97789
38318 34514
3302 57611
231189 221418
146075 163621
34853 109896
57825 57250
32782 12377
82686 80743
346530 346860
220581 226815
155323 160314
214577 209430
215215 221932
160813 155273
214837 213523
109284 100071
210819 215468
146965 150544
219051 226800
231666 214598
175740 172513
97544 6491
11874 102667
218024 217156
35488 26476
218055 222723
33178 109745
225040 24560
156811 150145
37798 101099
106179 223311
149081 156862
24554 221764
11832 10963
104512 101885
220693 214088
4913 16554
222423 98722
423626 413377
16835 61028
211261 62680
140842 164205
289390 288367
5139 213166
26697 119255
395192 393588
127712 132035
108693 104521
220240 223609
273872 430345
21567 15071
31145 28963
155760 147765
83960 82145
260681 251861
30871 33900
228064 23402
298039 300439
107755 32652
205960 8440
218648 101828
105456 224268
219233 209336
4772 211296
151147 160038
28646 33245
225463 223267
230118 216732
211224 97642
217324 214356
101876 22793
107545 10065
35357 10222
103891 97883
9859 107320
75253 222490
222963 107357
32523 37885
107689 218304
220189 103380
106125 221243
105028 216674
152543 142725
108208 98951
107862 98730
161081 154989
261644 261091
26317 27622
38268 110271
288052 287729
231541 27030
208264 14579
147833 148897
231028 22697
6714 100841
95957 325098
290477 300136
65877 57367
215951 218512
336043 335103
99016 215982
326807 317997
122893 123567
108836 37129
97800 3950
361539 142113
26545 27120
56892 57591
32280 26247
210805 214478
211238 7193
230890 220218
160527 149551
38253 105710
421200 423213
118508 23793
14153 98837
8255 9163
94365 320112
222821 229261
26867 105331
24748 225444
313210 315145
416856 429978
270768 263169
420602 419570
12025 100207
122799 22302
156095 153577
6116 8343
214222 227207
106573 9327
51597 427090
229027 216928
380308 389063
212042 211601
107305 23411
30630 33362
22711 103525
258445 257605
219103 221895
3268 216710
16205 1737
118975 23992
103339 108766
144083 159322
35335 21382
223528 229658
159561 153363
37155 34464
35121 229620
220033 219890
105698 108989
110298 31849
365707 366782
154631 151924
422053 423647
100219 216968
134422 134232
15200 9809
102323 25856
263667 261185
228169 225675
64317 58521
78183 78282
26458 106795
397008 393857
150153 145731
159933 164336
33574 32640
5323 60977
158313 160487
28223 121063
220559 105168
90345 359623
259153 263582
260000 263159
291527 300847
29105 101665
62476 56629
415155 415670
210893 212472
217050 105045
106516 217658
104251 100141
4673 212751
24584 123584
205584 220942
367294 370479
217931 223249
211167 228845
230989 221166
55267 58633
220380 217731
51406 64734
213943 7460
382468 385182
100325 101386
27176 125690
57011 58522
109346 36469
207085 97599
106163 100187
222330 224223
262064 260494
288014 284446
97416 102747
55122 59536
157558 161333
2381 59908
61646 56905
420906 422038
215138 218455
245950 242449
263077 257775
297146 298782
59229 61527
258653 256486
150143 146898
98111 222652
22292 118781
218219 104894
226041 103548
157176 150925
53395 62826
149521 147687
34426 32321
161531 147202
101095 7316
273615 270727
267749 257911
218139 102792
104997 97710
99641 5330
218203 215493
187108 187028
116966 118098
9357 8210
7894 13578
360440 359355
212934 232019
363647 363495
14921 14063
21875 221778
385666 385730
29163 110220
366497 372998
30132 26002
159867 152134
362723 366408
22042 224420
108456 99126
34555 33422
125609 125681
110920 108312
217736 215822
26902 23880
3098 5434
300170 297114
109110 25914
103081 106470
39701 31705
103623 226000
103241 109075
22011 24488
106852 97381
59279 61729
427837 2158
110902 225792
102649 25711
12368 29948
214980 210180
7431 212477
101338 9586
210760 7157
26428 99821
9617 10350
229062 56824
213707 14265
215768 227776
27153 29753
15687 8161
364636 367492
26307 36979
125545 124864
299041 297109
368951 366346
430383 428532
28414 27310
21967 221039
109477 101522
363846 363129
2241 99976
216903 97720
30043 32716
222966 98497
205561 21873
105086 111590
429834 427896
102985 99692
227948 222805
125152 23995
111171 100216
107610 109224
103437 218168
223965 227908
19166 19992
22665 29870
37275 38782
63852 55205
214030 3880
36325 36487
119268 108953
9060 230848
216050 216513
217017 104750
63042 51886
152011 146836
120030 27558
16084 15526
319576 326731
151743 157143
63560 56289
109599 33073
150581 149204
114816 116992
145551 153495
241091 243422
106141 109504
62231 57058
105014 221127
107887 20657
221421 21752
210909 15115
57529 54838
34520 30551
10628 101506
7692 218381
217904 218487
258115 426848
220257 223005
108876 101902
9378 101415
104247 223521
228231 229040
143888 145848
218253 214914
101130 100026
103675 24633
97760 6816
97759 102982
300164 298410
213774 14785
28755 103721
209416 214396
37387 28456
35678 30496
14006 3585
218162 210611
162385 155823
107000 102639
35508 107631
165169 67311
111419 110644
98236 108394
227514 216970
362210 362488
217494 223416
363085 370018
29068 10161
15108 16388
139022 164744
39382 30758
107995 109089
412568 413975
229437 6255
210793 221962
221175 222664
25876 106788
123315 121733
80971 82902
15405 14000
10590 31770
112806 112377
100132 226083
422178 420766
213664 222306
11024 427740
122726 23558
110636 12695
267321 52738
99134 25932
108351 102690
217110 99276
36496 28638
267305 52844
10559 30047
259002 270979
8378 14019
189421 189576
123301 107141
56618 60045
267526 266863
153324 152614
229305 23185
216167 97513
106518 102576
217552 101144
149352 147018
65048 55354
6661 216662
98275 217377
335541 335817
217151 103979
31676 103139
125169 26787
110262 34979
173357 174391
108623 108321
145131 149163
363130 363600
262167 271316
124932 118673
220375 217938
62870 58498
58934 51196
28785 26844
246999 248575
103334 39760
24788 23156
24868 105416
2278 59886
157456 159145
71843 72498
297859 298924
218695 213888
7143 99476
14126 64215
253910 270700
111104 23580
28696 37362
227848 216882
210886 61110
22046 224761
7157 105966
12291 107994
22443 28820
254707 261328
109538 22274
20067 31070
147418 144181
269723 259277
97426 215854
3458 16356
2364 6381
205937 21864
366363 363103
104065 223481
116745 114798
155349 147336
156899 159556
216242 228659
14659 8051
158882 153633
225978 221501
149862 138088
9528 5728
266965 257912
100925 6351
217366 219112
150635 160361
167362 166813
214427 211105
2265 2387
38781 32602
107685 24162
216804 97978
10574 26243
300347 295926
157231 156780
136236 136473
39191 32765
106432 107175
61035 65614
97660 217276
123253 34388
26413 33291
211230 98425
32480 29231
83581 85290
101330 7336
8998 16735
109379 102644
152210 159298
13870 3214
30058 36748
32193 111276
16133 3210
227169 212979
262723 261692
364092 369240
107638 105225
326002 321010
98561 22646
4291 101617
253509 255330
104956 103353
23646 27221
97778 5621
37280 30296
24892 225761
25258 29187
24716 109576
379928 379416
100427 102766
107246 104878
3788 226235
64019 60888
98859 222793
27127 22324
27507 28084
262327 270560
254022 261063
108726 36297
122390 120155
60525 59115
15981 15429
151636 152130
230361 105026
150389 152817
424649 420906
32435 32986
27655 31348
3504 6249
107371 98068
154578 153141
104250 98763
122357 122038
100752 111550
108166 31313
252223 270966
155653 147750
38858 37218
210071 211670
272738 270806
231955 220421
27312 31443
368571 369373
419910 413657
119954 120250
61623 59679
113501 27403
101473 5642
228003 222528
3407 218438
87077 87961
3533 2102
221957 105563
129910 129231
28427 35369
28868 34035
359100 359067
22096 107545
305813 305298
15008 14051
123153 22671
108134 26418
15322 212939
228403 210584
104752 23315
10087 8127
30959 34425
262480 273226
260785 254407
162395 155842
39141 11730
102169 7129
266159 269167
251467 272235
161244 155631
61760 5726
268155 256577
56949 54628
34033 29989
214032 214294
124983 33910
217373 101178
363769 363249
99278 101818
404783 404355
119224 25494
212965 16165
256777 259111
19913 382102
16157 7844
225741 24378
29875 22138
257233 259108
299943 298202
231098 13946
213174 10151
225957 214280
288617 284729
155619 140021
267841 268882
98070 222119
145917 164543
101389 97806
31903 31025
106722 26042
263470 263259
6023 98805
