260601 425414
421447 415868
62127 265277
167622 362678
8421 26302
120611 22308
230345 56240
150753 163634
60868 226679
223530 25779
225571 212547
122695 5060
158538 142448
34170 5067
351959 177061
319509 93325
107057 59091
99031 53055
215353 61870
103031 217817
7392 34220
9784 217719
33882 427553
108279 219788
428443 56227
430244 21719
34370 220279
163428 142894
111779 114162
53193 59344
206861 26885
36684 25076
4438 100959
217781 182128
213877 99071
208610 74906
5003 29095
122377 230318
293816 291450
225339 222040
106657 223715
30571 99352
318352 338186
115576 121792
58086 23599
428063 429584
23875 97528
107738 55626
413979 426317
404725 154767
332122 419322
11280 205571
135824 117458
258697 66279
74070 108774
8822 52980
33292 16820
102011 56850
228419 221356
216381 224710
422215 413723
64881 108638
59417 10355
110271 123993
122644 36295
206990 180759
224690 103835
213114 39112
107608 117260
184469 75705
66020 53901
250724 259976
123129 117957
16251 226256
15428 229944
117361 144833
4672 269355
37243 34300
75204 106609
59616 64677
124668 218101
225353 74941
35185 101515
33511 103341
54731 64826
213047 37641
142079 164658
62102 15712
109306 21892
412880 271098
14789 418476
258546 254203
10794 62976
54981 225411
98262 109975
121034 6477
235058 434700
23972 115961
264112 59053
163508 154004
413770 415870
11099 34883
264725 255632
148712 405109
415577 418380
206223 229463
125023 220729
230220 416033
2234 427286
158999 360636
206734 205902
4591 430458
118747 2834
229037 14186
146103 405064
28183 122424
110144 123601
214342 60318
113778 146008
116460 162008
227299 109157
6133 27095
258737 415922
29010 3302
427381 35143
109388 113595
38965 103759
135667 150339
4722 52354
235736 71837
419484 427441
29468 56907
137328 163485
123467 2682
266637 428691
258111 261738
337855 337562
231923 66010
209207 206954
419020 415584
427419 219112
8790 21877
125423 114125
123206 31452
256348 265868
2797 209896
319656 338814
100171 15909
51766 64966
267839 65361
257719 262825
415686 110469
298576 294629
105704 221497
98856 428498
14323 59843
27940 228203
52816 16765
407423 141094
125212 8694
114214 221052
223282 99550
56096 103108
164972 152561
60816 123013
287534 287589
37597 229342
159619 144165
203230 203079
416196 63785
256145 412026
30226 428053
80578 84238
144767 139437
64745 99256
24870 66011
330398 697
362717 360852
57380 36861
100714 14381
37933 209694
106411 213940
221132 51838
21556 211535
136047 120715
15440 206736
23171 36493
214263 38457
141814 150979
10347 221381
211475 100291
110457 750
27245 206494
121585 228665
105296 124436
216570 38239
216924 100942
205896 74590
20672 107694
125145 29557
104146 103099
52407 16845
57585 427038
23371 62163
415092 425510
228737 427566
51186 213794
30615 220659
348099 341120
16415 21920
203800 385527
298543 295771
256188 65823
59209 52574
176197 174899
104340 341573
404753 147958
97531 103366
110210 55641
77426 19186
221590 214431
417486 105313
219384 7003
234971 236096
16280 59812
120390 221509
12656 209474
217236 121331
55414 228710
416537 270555
36694 228280
6494 10800
382868 385721
422495 53027
129600 352237
158511 363189
419070 8536
152048 161643
143855 120144
222788 212576
131249 130902
157022 142681
227602 111772
10710 105042
125046 103901
138034 140272
124707 211546
39344 110751
213923 33074
221173 107580
23117 124634
38675 122922
37762 119106
102655 55532
36991 39497
422751 418563
120346 209745
52374 421240
154665 406817
98826 57875
111108 51848
267480 420743
429957 258389
120508 3426
405005 143601
148465 154788
158799 145061
60237 219298
118137 98222
215469 31682
161143 140884
223283 24381
114378 120869
1413 109292
29096 4104
99416 55199
7319 25561
27278 231997
222007 2795
209211 99680
39776 42546
57038 209718
117674 135058
55699 65963
110611 5738
181037 230965
228337 38796
103689 124262
8638 114141
124280 106515
120115 210402
124982 217627
150212 159261
74677 16798
106858 117381
65398 228746
53403 64356
39189 209782
153059 141687
228659 63740
14954 65769
222705 209948
96622 325181
56287 5603
212689 120288
5280 27140
32742 15948
3123 107277
417763 7095
206368 228865
107447 54731
363521 142541
7490 33145
206130 54875
207574 13111
368994 164309
2556 258305
227175 207874
106465 231717
36162 217745
100292 34040
105545 102561
9053 33224
65677 270430
361846 373097
98254 228440
219964 12351
5629 64668
220891 52482
9661 106941
423855 53180
114209 36935
125759 27358
164215 161516
157088 404541
2656 53489
124923 2603
38801 214081
217747 113734
153145 147595
400955 398516
62763 415891
62060 98833
181579 64410
106826 231811
231001 15007
261369 250399
61266 53676
411968 12744
105262 213295
216638 219324
216243 7573
263317 53096
238499 131466
214996 64016
99605 121064
211657 428442
147061 135260
34516 222326
296271 300583
209075 222788
210218 4613
14302 209918
62850 418809
107859 216516
37742 4011
212651 28646
61927 257811
66000 57829
183851 185370
162021 125434
117331 114673
110117 65369
32266 98007
123923 163629
2873 107885
57013 32764
5689 52440
8724 23554
64137 33682
74845 37043
230937 104652
61668 209363
147463 406246
37283 107592
106727 29093
418484 1004
206134 6156
216916 13751
147129 157862
104210 4552
210128 7572
217936 33251
36173 123126
295650 297698
243716 246821
141411 152271
208710 27458
146970 135261
3615 124637
111711 135289
14840 26189
111653 209032
104948 215959
220963 116516
37356 20555
39673 5306
107866 57504
57268 65177
542 331369
381913 389243
327293 289439
100461 229116
24094 220076
65034 226158
324111 396393
60201 35733
221668 212574
181344 2249
427124 65126
231763 106176
347290 225145
105709 51625
8051 103950
24935 30032
140561 160852
223946 97719
260380 256539
123030 228697
37137 7370
269949 266529
31061 120805
207133 348842
140304 117915
218801 102082
98259 12185
385124 202684
126876 173591
223068 8288
8215 210621
102050 5745
370471 363742
426444 262985
230635 11667
405346 343224
124826 224863
215802 100379
92369 93539
208403 98130
31029 218168
58353 224523
50785 205851
59291 430294
118970 135038
55050 213459
177487 172055
14532 123378
336059 337110
126093 146129
91312 325174
271465 258569
225499 14934
105635 37808
225197 125006
153783 137626
230495 101816
226098 101952
16903 124014
133654 138861
59473 28989
430248 107094
31503 8139
1579 10994
9627 39670
129932 237574
4608 11687
224332 36650
65374 256910
118823 10747
5233 98262
181723 9839
368596 165399
3013 216588
423424 418868
306440 308434
4260 223581
62127 63894
148955 145266
102781 219376
56480 252604
27819 117921
265910 56845
99239 52990
14465 212498
215935 34955
2321 35406
227800 218724
125551 25922
206743 8974
102846 8013
227999 36073
419973 421945
215975 22557
254356 428121
52035 56970
2754 106585
64123 13414
106379 63779
120749 229293
219193 29591
209028 99107
346945 399873
363047 369290
421284 258044
208294 180929
27721 230841
32259 110146
99102 230157
228314 106645
97505 11416
108985 226973
231615 73625
171683 167698
266463 272806
30409 120498
88723 169074
217650 56247
116468 38047
391037 390925
107649 3840
29059 219221
5574 220392
224436 10428
16258 54889
247520 247287
430355 430204
76566 85825
57896 25287
94466 94135
217618 53195
343747 70301
5378 210632
53449 105435
269304 52402
31470 16806
225164 125185
252739 255993
52954 268152
384546 385762
118243 122333
218570 20826
225814 109231
51891 57173
20735 230907
271657 421494
16275 220366
5595 35949
60697 99818
115608 163731
403734 152209
108481 417815
209345 2519
155666 148406
227549 208091
35768 60980
366229 369747
28622 227444
7962 74655
106096 133202
209849 108561
412404 97933
157574 148520
10667 215303
143698 161038
423474 14328
207257 418236
23995 206350
35185 226653
23687 225922
52481 60333
26923 222433
110702 109436
231790 227298
426330 254563
60206 3623
137046 114942
227238 121840
28844 206587
98438 52506
16050 111746
143280 154261
56775 103397
58698 226949
381209 76774
418817 15118
34911 225551
423856 259017
256694 423210
61442 106925
31657 60839
39472 100800
231356 223254
269666 263413
111493 99978
347069 346509
417141 100282
140644 155257
53428 4825
227813 65883
415225 254723
54688 217810
213162 39521
123614 21323
37318 66116
52669 256836
7260 63068
117310 224213
412681 261247
223449 229320
118620 230196
23674 209751
207484 209443
75639 104575
228258 209350
51318 256615
210441 10874
100585 36090
54017 56738
220043 102506
121927 116686
51951 261703
426133 263969
403439 146105
176920 175318
25319 125433
214816 30985
214317 116012
2297 57887
119613 8696
64619 256993
427555 216753
222313 21114
51086 418593
415357 106206
59860 33738
746 332470
415914 416735
206734 39490
221725 123534
109719 9925
104575 225202
221206 35389
61893 230902
247420 246245
24495 210212
123139 217133
222729 54174
119251 32608
227626 116925
3603 23758
56445 217741
14422 16732
175352 175031
23428 216884
416130 421852
290420 180449
91629 91050
207270 222452
90021 88781
29065 122759
61793 273138
216822 39183
3162 16932
231823 52430
122701 106445
10823 417409
99311 116761
111519 39460
106316 65328
145419 158773
57483 417947
414798 259164
32453 115535
271595 55342
215554 56917
55801 6756
110473 418388
26767 124098
203316 201934
209130 16377
146081 157585
345291 67910
253773 53089
240634 240939
267318 419747
23905 214699
51910 265576
34132 118539
58551 423964
230871 209450
207000 100949
11925 231836
264186 269703
227848 107615
219383 10020
119231 60519
28305 120309
13564 2797
59779 55158
101493 56214
140496 162845
101304 75004
320272 318460
269669 258723
55838 218512
113745 27878
217480 27008
31849 64448
110554 218042
107298 134219
105289 57373
105058 123046
418180 30900
413809 423359
60074 123599
124097 39666
104375 29245
422476 258684
57086 227881
209777 108682
144003 148367
13309 29178
93986 325302
150051 116299
84279 77983
149078 154459
289357 287459
2083 105403
55051 268879
118510 210405
58227 100040
62141 7648
9598 106526
10008 415074
3121 27887
393189 317649
125366 37999
8795 216741
29425 22042
217782 52601
206780 2289
38825 119008
3067 4605
113463 220263
428536 52970
10384 205698
414245 423579
229876 23622
14438 416549
223193 61276
402821 151331
64902 103429
105262 418162
74668 99127
102410 123128
57085 221006
15908 30895
118682 108736
125768 22985
37266 8419
5908 207413
121211 225594
120120 102516
18299 80991
339313 325663
21601 56883
119478 214970
225777 38168
228932 181279
267586 60314
415524 263139
193322 195776
330442 409091
59648 224976
422417 419568
142691 161292
230417 115070
14389 16832
8895 228182
58788 50960
34098 8963
16393 102996
11942 4778
214311 104694
145297 406516
22392 99439
417459 423643
149117 148771
148408 138075
38226 98727
60033 98872
415692 420048
10400 64880
6295 124641
230887 27630
420815 428167
435079 48295
351137 285520
12778 113697
367903 171762
263272 267515
231768 5190
118187 10145
105514 120577
418313 53277
111087 55084
38048 32907
229966 26513
212677 415374
3876 60474
211882 104863
15061 210101
99141 115651
61529 209272
256949 53377
74984 55496
108980 99485
245835 247168
64152 214428
31490 14966
32296 11375
429008 416680
339344 337242
81906 83315
14014 214330
105691 417848
38815 115694
418023 58696
197362 89786
61116 220761
207318 27031
113148 316812
320040 93608
110248 124935
212105 7923
259377 271060
141290 156331
64840 222065
124577 117718
108367 218027
55781 230573
120231 99801
111181 10726
9300 224876
123623 208606
63079 254331
101719 119506
59969 252617
119944 116442
2327 219095
416388 420055
120607 4524
29672 124014
210118 101909
230974 8570
238804 348211
353140 126341
110037 416268
8695 29041
152473 404486
133309 21305
13991 100396
12792 217790
225170 11788
292669 298930
412645 8839
22823 110059
210923 53628
121664 125759
213025 38832
43557 43004
230699 36009
2865 36625
415985 450
63731 37598
106838 60717
265403 270948
110147 54856
12290 23107
115061 15327
5879 35469
274039 257796
6930 75365
220082 5821
229928 11540
98506 119847
226017 14390
59103 414470
271732 256783
221638 208755
16202 33273
224738 30069
54639 257287
422555 412449
347807 220339
155575 405205
218605 20837
55493 271611
28008 13524
64351 106510
146855 135949
273244 266801
427735 111343
240366 247730
104708 221440
98621 212335
100079 23739
60580 100512
105029 427202
11665 27419
399039 73917
184306 187528
38506 119301
121723 118088
423126 268157
122511 231559
208450 214491
148289 159467
426072 260827
427910 63650
284378 411582
98057 75189
166343 406525
221662 116868
15355 217469
423424 417451
427002 250760
158552 360690
227265 181866
210520 31380
111289 430240
208305 206554
101531 22274
170644 150891
217209 31134
14540 65310
60956 22647
8939 229548
262819 271735
27937 8847
135077 39354
258373 416952
118647 33408
35652 211084
221085 206140
37398 4512
212565 224792
16207 121814
237228 73045
293220 301257
227734 119821
303651 378478
117707 122757
62733 213313
103938 28107
182678 185997
248613 246581
148557 150285
380383 17948
120803 214787
360859 365006
124259 228309
27283 14413
212717 180819
122369 103789
260756 256194
259979 253826
38730 103761
121235 106464
37489 118787
125264 211087
213992 5717
218011 416018
224935 132631
262779 274177
207147 100405
8404 222913
104776 214588
13501 56460
51734 2540
157176 161985
118623 784
412128 59937
415943 419635
64936 59695
11511 100238
25890 133314
62277 228773
230968 34525
267033 424717
