107407 53224
271211 110772
147643 229927
267205 403855
346930 1671
211344 169186
136475 423632
343587 69598
414547 222852
117865 368114
378499 359891
400865 351610
138238 333904
417155 289595
191626 404383
139954 410186
228037 271990
266549 221754
132605 327078
163497 278978
188088 12444
261056 405096
420643 222403
30043 419834
129472 173022
137505 205664
170007 123174
403967 412687
264657 409051
5534 138481
420529 348195
375807 94889
266691 188506
338889 95577
368740 81740
176628 201846
75347 343375
38799 370724
178560 376518
209518 419042
279602 155809
207768 89845
59009 159789
5786 182592
143164 15490
153314 122344
417255 432915
422245 99748
726 181274
407832 333717
186800 29566
413075 56501
283114 156974
346242 114009
209348 149585
214149 253458
62714 260432
239115 345827
331471 50831
21803 268243
143272 97701
207644 403579
125775 419258
154618 30450
346549 113880
354111 128759
389190 248662
360554 153346
213916 184178
154502 282599
164606 23490
199922 19215
264072 327903
117458 332639
352409 339783
103557 428386
239499 221014
239424 414333
117432 200270
212578 403156
252935 219807
417819 157221
239103 50961
124798 270600
238089 418230
214171 267604
36128 89389
193907 73604
68368 22506
414023 410667
276521 159996
309886 179596
310166 180581
119945 346293
184035 345578
418936 401341
327124 114832
206318 361824
244198 394727
21246 52729
130449 311653
68526 128054
229596 423322
420083 164907
231485 289768
201902 129391
17537 369781
208782 161199
271502 107264
326105 311885
136195 281064
156944 224957
229721 238152
367624 276604
130705 272301
18575 389273
34431 254129
411519 270079
61420 217307
227494 161300
215583 159451
351969 95835
174290 300776
273184 416822
20240 143883
40128 80603
372106 101548
78979 89736
333354 344782
365837 220103
253702 219150
404977 346215
419884 340603
285927 415805
31395 139542
273710 215131
193700 317657
221272 184379
263811 119555
3381 159677
106207 146125
112457 249505
220147 143851
389046 403377
146966 9587
288557 26914
20685 106364
385153 378067
119860 59350
418115 139341
200504 79355
105976 369157
271230 148553
399923 331763
183439 340982
35453 147695
404704 221374
129188 67471
112819 312392
217707 133616
356703 358534
399263 30080
64872 268650
59441 138414
302079 191213
54752 122574
125445 364729
126958 21877
25362 327587
119575 264091
267991 108142
328437 280871
166927 143633
165509 113997
121972 206520
203521 386729
60281 237161
129219 265367
70019 128608
1473 151011
204104 23164
23236 205042
156105 372956
402550 105084
329899 422490
250921 116717
182229 36600
228851 266299
144615 260029
126563 172117
133129 328321
125948 368953
277495 19325
345597 195472
26104 425550
70487 170719
352054 385288
89404 102533
32448 280964
121858 271728
205018 6453
223406 150958
11016 166402
154759 14485
183001 101272
401176 177487
409586 28529
140240 274342
128074 209064
202892 225140
8397 425531
287439 32326
426102 215628
117103 410334
179536 68131
250786 227629
191289 90794
159436 216804
105537 383505
64739 25475
55019 255179
37116 419487
324841 196551
200624 80473
55838 185349
414938 114428
166782 66120
339878 149938
51944 162514
154736 267230
55457 33360
288222 25361
132774 63613
123100 362921
89768 101951
147579 109951
278673 381691
6876 147594
359552 370371
12299 153642
174706 305587
257243 219349
389553 365254
39538 250561
145694 16193
262171 121224
209882 182450
3816 264381
251778 109744
124969 2328
115716 216826
301981 351413
388756 88742
5135 361412
132849 253569
134707 348896
83381 89485
34500 332426
127536 15216
180404 294736
418350 404335
100068 184703
225236 407707
348238 372452
33231 74459
405398 213634
369195 84378
7143 141493
377646 179153
162060 136357
386216 106119
40644 389601
138637 420210
31581 366095
36919 51461
154770 52433
186752 109479
165140 195808
109829 403478
67920 402921
348001 239067
418467 184371
407088 6695
66248 405210
102510 155623
367851 138764
133154 215796
411028 136789
288983 228821
381954 77001
184236 135775
56092 37552
152934 224949
35429 267682
227756 367596
134105 103462
261085 12472
84383 68629
283294 181021
128512 222890
82605 303662
372290 404704
90277 78557
259578 347390
197355 134851
329400 431491
132780 345112
340230 90661
375349 95158
234928 430714
129982 383590
38584 400868
342023 97464
157294 35761
428140 269437
206265 402799
331772 203951
285353 14513
166413 213434
54811 141257
191014 248145
121462 237555
333998 90408
229341 50678
332174 124625
156925 429743
78787 278386
231632 326850
35352 405348
410599 5233
133728 372194
25310 426507
70862 77732
99029 427998
331835 251493
195703 290559
206971 424490
265191 254764
282297 341428
236356 411525
72417 46938
135189 63192
310668 307065
282923 5832
188197 10243
130852 122130
315621 396295
112575 393601
283739 143205
419688 158740
32036 330815
328614 220232
341057 193597
32495 74727
254229 150751
421000 404909
14374 269072
252706 406367
104998 154711
311989 298377
218077 20310
166135 401074
169568 58288
135024 335802
185202 226369
186373 403279
301171 352566
290446 384804
410853 431590
216588 119906
28156 411905
421204 201775
149912 7926
145808 39494
142710 369907
142891 6102
153028 89503
2910 138566
331941 407517
423333 149779
72741 20259
376092 307265
111350 161055
102398 154590
149376 97829
139414 51109
408382 156293
148389 231031
9164 164852
258741 398834
115351 187503
266757 75078
14038 399057
199427 90987
326765 172142
118404 181258
354124 293270
160592 35596
370093 361222
415037 141019
156301 238112
9038 403295
24828 170383
75052 417259
143233 170963
399528 156186
64741 224656
74237 55338
358300 336745
75660 274088
424225 64777
169747 131791
235740 27651
255648 57460
370424 17129
271271 186930
24121 331417
266671 15528
139755 401372
30482 226362
168078 2250
50803 151780
363113 418363
259828 284050
181424 348063
28671 263567
102717 401675
15765 186331
261975 202181
191757 89328
345893 186964
395322 312688
146485 267997
205526 271972
415109 221290
119051 166685
32580 328356
410924 23508
116975 60905
108124 269577
90744 158455
129033 105848
145173 264126
70881 118340
402984 365586
406791 237765
77844 168980
123089 412583
262439 27978
225898 147629
55009 165550
276643 141991
229954 372314
6521 406458
118420 58499
409607 147437
388867 321203
68146 96359
425994 266017
183853 128442
422492 157793
290093 262998
400437 68678
49194 147500
370720 19541
266530 261643
28402 51796
125171 267495
135751 223089
327277 33443
420802 149604
167500 222390
5073 150831
363458 106720
127076 271667
414358 59953
298688 196742
110991 252683
153859 3999
113371 391186
228648 256795
127572 70473
400780 412431
205065 12901
154007 341610
138050 425721
63576 410625
286219 271072
6267 401298
364760 276236
267433 184475
74613 270163
110732 171157
334010 146601
340378 228616
81462 152699
1984 262961
282519 343045
373157 223468
379586 43488
362856 109224
16602 364905
428330 403250
113559 258065
4299 348968
424539 432629
345271 406718
354572 181435
398621 184208
164516 219699
216661 441
190406 337391
56635 366057
198413 336517
431686 413193
142055 413886
260602 102452
46219 334298
129057 102151
252550 288112
380924 364409
341935 106910
21159 421731
431446 285581
146657 225455
224473 407258
241972 315930
96745 172485
135669 420548
218463 418945
181944 118528
415988 274153
185209 179541
311619 180631
212155 363591
147195 228954
114458 252123
362723 132552
291662 177640
136708 146973
265146 348862
74897 267681
7232 136158
50897 254755
26523 400652
70629 303311
11604 219513
348719 101993
364392 143159
406086 181158
363139 98060
293087 337508
309662 304690
130496 51273
238025 4854
193078 166751
265722 119550
341897 56812
267072 3686
210715 69430
8539 403792
181531 424933
203904 27329
181944 330310
118873 146825
131508 296634
261950 424026
102346 140965
129830 427767
192457 168671
23424 73535
63558 328332
212330 136724
5493 419994
67064 406406
219930 90487
130322 172838
68607 193879
13756 421222
118179 368980
131262 36946
207381 128466
193831 186950
310200 295468
383187 177153
169614 109429
14341 250878
312829 249614
117119 55602
373565 172733
14576 424971
25074 270740
425122 120736
130045 390343
255401 63021
140875 198219
128034 399509
230251 167566
100529 270378
416419 398688
62103 66461
387292 360742
409488 181876
260805 410895
125448 145586
113873 387951
181989 252393
335796 133614
177469 309617
229555 184175
79430 407395
281505 421160
116387 51317
258423 220544
378889 192174
128515 273411
392171 405776
20548 98065
322371 313503
352779 299137
405220 421930
200395 275790
392039 194039
257327 231681
69776 98382
259046 139667
421181 404632
87634 372935
422652 331444
33905 406494
307448 305742
161374 14314
103156 127831
98658 360196
230272 415251
93467 169567
361942 9082
16320 273195
119112 373247
71765 349383
204790 268491
264221 23044
115808 256017
430524 63780
332605 122755
119624 346356
417573 160137
342693 210845
430534 123108
245863 92160
412216 284441
356883 360327
151431 262705
155245 271780
342072 135061
365512 77949
311216 127302
69346 95554
364462 29515
37943 328014
69119 181127
414798 423983
410371 22482
359611 152535
414216 150507
16467 184635
420322 106871
93222 376379
230595 330487
402452 251357
108544 142710
252505 147990
107544 88519
25885 265995
53905 239049
380083 94188
14075 411810
157971 185172
27035 420539
417652 158102
119906 281657
260083 222759
24159 423771
16769 157941
231674 420310
227321 362223
413114 253091
115022 4482
237963 97008
162583 271934
428121 267938
170108 105233
216047 234359
235214 329723
282364 51983
402118 255006
124887 199219
129898 131733
232648 132583
366941 427144
251066 110548
258175 131583
365553 29942
159296 343782
421804 120921
63168 61364
317511 172449
26084 140020
304032 391636
84027 87261
92621 243323
431042 428490
364243 30906
22924 181230
417232 408422
420035 413192
42373 395938
132721 101237
413968 1086
406939 62329
406448 148293
6726 260740
133152 52672
403489 132354
1914 405900
402998 201343
142506 118164
271138 215489
166384 239217
320309 312872
55049 31925
252041 289838
163240 263185
432134 331511
25400 139575
423394 66443
24746 366343
28978 345055
283945 260235
186323 13023
133293 370817
70412 366264
208923 137170
145616 57202
311470 294723
402545 203217
285582 2348
200411 140055
413325 229215
87472 48071
159812 15398
58234 411571
149838 29509
24728 369651
331787 13758
281118 220256
266398 347673
123199 53240
31374 57490
346641 64063
384402 384065
318049 292840
318388 396894
21112 181189
68717 141740
145310 418176
373630 179756
13944 428979
157911 342005
284757 331935
60485 122241
359415 120750
22765 373358
202016 186038
70820 392573
291833 96932
350843 284130
293234 382817
68739 96027
282064 217053
88026 372580
244593 379858
230766 435665
257201 74891
349484 254477
260455 60382
410730 109442
138989 422158
252334 205636
63893 282683
59836 152728
49913 80700
309294 310367
55148 284357
365758 333234
144443 79712
98994 204278
368888 99966
134747 267287
216830 147211
140988 276342
140013 97904
7354 73234
197869 281411
411334 60591
422893 221578
404780 181874
162334 100010
375347 298203
58253 253007
264889 133159
117574 361637
137325 10341
405524 126154
230986 161263
328335 188663
268763 58494
174023 300402
334197 149968
88588 228646
392333 150850
191069 42442
1852 57382
423209 212400
211613 368333
317670 378468
68015 406257
171447 24681
35507 332635
375076 130919
360731 282240
408706 98562
30776 261625
286305 55886
13257 415372
196526 388333
51887 399859
402946 412617
239290 133538
154768 266647
402369 424978
364157 417856
283680 167781
115727 64601
338524 93402
360048 390018
227898 398995
433442 98997
166621 67773
379382 43358
168612 352113
289569 350649
2149 371753
181234 168769
353592 390918
341893 148402
184487 206597
20677 271400
208834 51487
238372 175786
169957 108708
38231 348831
206648 273267
263788 23317
346760 230058
56085 407217
307215 187395
124777 367924
210226 148215
76517 68315
404925 359587
66842 162067
162357 122926
391948 85020
414615 141569
400707 164461
352523 69239
295987 321781
21740 409732
161749 98162
128662 258996
146107 183228
50058 233068
219018 65102
105007 255453
165063 12231
341069 186802
276582 152012
416603 229460
281996 30994
10161 399439
409363 270487
370272 90200
140398 220493
70968 180122
142508 199888
164917 256229
346428 349147
278862 144486
74466 403260
188087 21892
214034 405871
146131 12094
115443 263838
43035 18383
254711 114348
173898 183425
360545 168910
153762 367304
257206 26291
405660 228796
402712 362761
403305 61558
175906 193570
262713 156931
51921 399470
105626 138990
281852 11660
68987 197044
370564 158958
64211 367983
3314 129603
414136 203920
281772 433827
423511 103161
110589 343548
104925 251533
252598 409603
420335 340470
33560 398611
384733 183301
363175 144904
181461 184484
287644 29932
287545 132762
160039 228592
418757 97679
285288 12573
28518 398765
275397 388943
160845 283164
52842 411144
130477 223840
210154 415764
62204 150363
194272 303406
143503 171100
149686 275480
234329 289284
143308 23361
49499 44885
133319 264460
139644 121227
154534 99902
150803 134095
370622 80461
156718 109271
239394 142663
352456 204676
252836 99695
94221 301945
320787 174770
422084 121532
398687 9131
265484 119651
339637 39090
71483 433858
341035 342622
198872 89474
258617 105061
28257 140355
255353 185215
236694 407810
181911 13252
185479 172119
331307 224244
227558 137317
266637 188363
273020 208959
186631 270417
283951 32008
142488 119132
100573 425132
151531 429220
407778 132538
239060 164562
177205 70626
322852 177834
157383 422018
117938 282942
329545 428347
157242 88813
364670 81918
400103 139239
329454 207151
155436 136428
83883 275270
182016 238693
24764 253323
327506 29659
