318646 256509
111576 197148
309814 5363
318364 88559
240488 277587
136132 309989
379288 407304
294179 165516
354851 145605
384298 208717
11045 349950
348714 234924
355312 145477
237549 74200
337129 373680
384188 229542
106410 241875
260760 323490
179951 364890
268719 363903
380156 131416
136953 299011
364644 246729
203676 277691
45986 37388
337234 197600
49680 409840
613 41142
385372 360384
78322 129656
289607 347041
57893 234096
392522 108911
11507 278474
398304 376150
206415 281235
274449 410088
106675 246407
342003 317954
424304 345604
398333 34944
395191 166366
309784 169384
245774 427375
388523 91193
292737 407437
287894 131519
381858 394568
377925 418507
93929 19633
137026 387123
182804 360875
352583 423429
433835 70396
49773 285125
77056 342509
256896 364949
388093 117153
323851 330351
20391 130988
64686 291618
434711 33327
353645 136071
334515 100782
411011 369421
357490 327928
398323 406956
321363 120977
381324 9430
30742 48838
392551 258434
86995 291400
225154 195105
304333 60737
381758 62412
220767 173955
266621 17893
52072 84526
180845 432545
6372 387884
83649 398922
168721 397999
147049 307941
196769 228835
316855 429697
349493 149499
112881 29800
428722 175649
281239 75842
383782 123550
358067 316793
24027 301357
278902 340881
404445 269866
73555 289692
296416 38906
183914 319845
349644 16684
321456 256765
332607 158445
73714 280722
293146 99940
285964 136381
354887 409482
157748 316729
91756 18497
338341 407320
50864 166385
424003 372319
423149 94734
17746 234155
79211 13571
351370 69190
433844 208849
172023 66804
383532 331902
171905 79073
189218 136834
159523 91620
295226 267663
10821 374436
357691 193477
305750 222799
357367 391838
289602 161847
19810 36715
366819 179332
42401 354370
240403 142820
359666 99962
410482 370486
363592 174578
229773 233675
311443 151473
313319 389852
79785 264465
357862 157588
176625 103355
138190 43487
351974 411878
307193 355069
321296 102503
180976 284653
308815 210230
307674 60690
170797 398364
355917 1846
117306 316755
241929 6041
357370 115077
216270 45424
362582 132160
94857 201284
320765 364839
117196 285546
80701 110094
144476 319420
431065 172831
170976 237327
92937 6745
199823 328816
137181 237064
352413 225692
96574 420070
337530 349839
287762 332928
48655 94005
379548 315124
317276 345782
320145 431164
232561 57925
167761 63374
197683 243036
85789 394867
234638 27928
2033 86733
360856 3101
23870 323576
117099 242512
238010 380596
372967 384636
262163 373456
45744 215842
49601 85874
190697 148138
104789 307795
304715 332387
191383 160737
179864 332168
396931 60426
315639 179032
172795 343506
398832 371896
162336 178055
273452 381116
136025 286399
202592 315888
182900 339562
322247 366923
84985 333072
161022 395981
307563 390727
139346 394423
298566 102512
391531 432029
249990 368613
419753 334974
180085 59174
360470 226865
365276 255456
214457 396051
137774 81771
311253 41132
37494 201370
148080 201549
174635 416649
202903 303157
377034 254742
384928 8928
215048 178649
173293 248029
294260 387810
278272 399664
90485 386850
389559 413939
270340 338820
380277 327538
206948 78457
163862 386819
317026 279229
27767 392840
203817 150606
408438 157710
128879 243112
358805 313678
232392 217481
295937 419075
138702 373865
284293 172027
303080 285251
42879 97723
188545 379724
171801 382331
329164 291416
300070 103500
357348 193777
78996 255828
295199 208199
368470 264860
249722 18670
310085 425660
246719 413041
364623 260160
375391 79855
187697 234494
31300 47230
356758 213372
36630 350519
52892 297924
244542 302613
316594 370132
274191 85016
432184 9488
201563 275206
138038 297791
435504 375923
298327 364958
5873 351218
55542 387602
227141 394467
312458 410333
383945 143283
355139 413940
199023 310342
139959 393719
283440 272188
242715 371344
383492 378552
353218 357746
317631 349040
358128 151169
327313 245771
409935 253394
219184 173291
42135 35955
178671 89460
338022 185589
13028 337861
371155 254406
85650 406903
377372 264320
40956 213786
178741 326176
32526 326705
172253 410908
396789 403488
92736 85613
21195 178385
321566 140834
276315 96778
397470 41407
243001 201784
357168 307065
282306 95695
411308 375042
95374 346568
309467 388596
207204 234183
375016 231806
189880 250886
187278 41603
158000 410711
282109 257226
1388 42815
266986 326761
331922 276425
241474 2279
67258 196964
95381 6608
342835 199327
15316 312995
314313 52035
306562 74822
113109 13891
291703 152182
376297 86779
293134 12570
48348 138196
190230 29179
351547 327621
382265 278367
397138 191734
257981 48167
254019 243238
30237 395671
326895 376097
205377 49512
217156 309672
201626 72081
80618 148225
350448 391822
420215 377414
233642 42951
198888 93727
394485 382664
276731 338787
342668 254748
109244 175679
111540 326399
49685 18362
373501 251310
313600 354955
410274 46024
291338 98003
36428 275886
232902 152703
277861 105787
418461 396981
386223 46739
122036 241894
431846 98556
165324 184791
248933 179090
303715 171906
166836 295675
5261 191566
141694 127296
347525 200500
285758 343704
213121 192688
51185 378445
35934 245526
315377 15602
310370 346542
353359 80710
350266 145491
120571 176191
84228 123445
77415 49478
415955 19226
263661 365954
178817 214082
319134 207549
257282 18444
257576 81671
338837 255869
305347 99469
349542 133341
379488 92692
392340 34685
312954 433763
211392 195301
92480 33301
276971 345382
289170 396152
240032 72916
409686 153907
120322 353508
105603 311881
351379 62276
346565 92831
195276 236666
14664 72563
116636 172781
350797 242093
368081 357342
275394 123452
267057 42963
96407 345198
262205 361852
321539 87169
323835 383412
426505 405989
411044 180298
327596 281382
145772 242071
49083 339650
162507 187654
2462 200415
241356 428966
84803 130800
87663 92643
287300 139054
189068 16320
36003 334840
172456 340855
181848 194760
356115 18055
406205 319263
271771 133045
71250 274232
247525 226672
357471 269259
339035 123170
408312 351585
119097 295873
13471 385164
268760 411124
380851 254076
249689 192709
45081 345351
3436 316617
172752 78785
198981 288060
420173 310300
81867 34308
110743 313233
50223 274497
325985 363123
330246 244170
279144 429659
204227 344798
300501 102799
133497 321338
355645 79409
350648 202092
311222 25724
300220 413731
284878 48734
203653 42934
239788 347629
211576 300481
105312 177415
387566 201572
216416 310026
285529 376679
192341 212108
169108 308227
433689 205515
385388 133081
433562 300846
252777 387637
183459 304357
301246 266632
36480 387647
390294 113065
240212 46709
285667 152369
320928 407155
195008 33841
378505 178659
374760 40363
397081 154405
306994 52398
354110 125415
239628 359112
354412 268863
417352 94063
162533 411702
431164 8672
147641 349607
134086 301334
190002 80791
355884 193280
162095 242020
79500 291715
363149 286941
94742 82452
351286 76427
19527 253112
432028 15024
175849 58068
278696 224001
190898 407998
53122 240502
433781 34369
240149 406639
411317 58069
214566 430843
359933 315161
17561 106796
79127 230617
417488 46314
35452 375696
324131 326941
211979 303865
27837 179468
151602 191069
348395 290914
401995 272661
303755 187968
256184 364995
310491 335310
159945 292312
295690 109463
34749 82339
163484 246727
300270 105386
340261 276773
97949 232207
355475 322505
45917 429486
93217 341606
188561 433893
285562 63614
212221 308499
244165 295050
205031 47052
59246 202079
20951 433298
111991 179970
282812 397552
184450 191523
131892 428615
273572 84069
215180 357362
213987 319063
19364 177921
353346 45420
357890 200492
357037 429604
173923 105820
99526 305815
309480 277811
422600 87800
400584 333633
282116 130047
50095 4879
432064 321400
304266 354119
3720 291400
356638 428402
430268 247566
405505 395185
83505 403458
49991 178910
199364 14354
24670 195761
325190 62812
73890 328909
268277 192812
309326 189248
99614 45952
11218 94215
312293 144647
374886 362284
237622 138583
290703 262292
126658 6955
174359 16181
69766 248248
345090 252108
355125 132815
355422 19072
92832 366639
261761 81084
131929 322903
52513 358287
381615 427398
44381 54007
359927 292789
416831 197640
14082 243123
176261 30300
300475 203612
284696 290774
277604 251274
157071 412364
235253 201451
380436 159514
408306 367429
93114 19728
384088 330844
345982 398169
52366 197515
246071 228626
432238 386659
65580 195333
241766 343183
45134 82076
283527 290692
222454 306595
356679 229633
326322 305100
319867 54431
17017 230504
5424 432328
94814 213110
295761 239927
279139 432280
110855 200152
69585 265121
356362 64764
157390 240562
385131 38684
85134 289366
199938 339044
118606 294752
116487 379653
213887 88383
420327 353230
96518 124973
354740 80169
390093 421018
159553 310788
399848 316942
29749 433108
319480 328945
182644 150128
307990 215315
358945 338542
234845 420001
319418 186998
418005 357940
281040 301818
381358 57153
309761 200943
355867 301018
413138 395145
13050 349832
419084 78311
383043 218262
235665 296129
161819 128190
50463 339167
360041 215746
128007 430153
213189 40451
370591 47455
176294 426017
175026 123670
12557 358343
275997 174375
50866 334123
232597 15394
145205 286419
356926 58427
301113 205916
19948 35046
366963 306787
372589 173028
326382 212919
261468 377247
306706 263064
113816 309675
203522 394720
367213 349849
244762 387160
384895 191206
328106 80989
313942 259402
387775 38748
227441 324697
16015 387309
409469 127390
304519 403273
191348 414340
377387 240084
367252 308933
154267 176347
174492 103495
281618 66931
326332 50658
112707 32173
289420 238547
150329 305435
346890 378093
232771 215742
198409 15447
336328 54195
277194 323862
358326 16019
432682 4305
278236 323347
54962 305008
42281 126209
372176 303236
83311 328401
164046 77776
315704 360366
43042 368338
225763 321278
17571 126639
337982 59851
8104 360463
392081 13438
355100 112759
206168 357140
118331 86205
221730 324880
336391 11826
355880 326858
112168 87127
314117 107221
235613 370454
375588 6115
291927 407984
376036 228114
377045 190826
261634 360621
295176 250511
43093 367389
309301 271275
388675 324655
173509 388091
81934 300777
405669 325437
164457 298488
396212 141728
78211 16314
23932 357387
74793 47275
381526 349266
76526 377525
128443 247957
314902 98445
51793 318213
244146 216249
357976 173310
296234 372833
255865 350879
312361 193863
186665 140877
258346 352559
294417 261197
61228 173652
273707 113021
243335 151298
238673 336014
187246 317182
364185 413672
32948 305675
326255 89915
89164 63000
311937 215289
311247 373165
388940 149287
424567 346482
287629 141639
240879 262206
240211 219905
198645 273159
152233 283946
143192 378235
63568 368504
315733 366574
204177 141729
316368 107143
248781 127505
431342 403725
389710 140203
253464 308885
199425 319762
71230 256682
189519 142397
241503 131547
263885 387580
202079 171924
294609 19877
394874 408099
79301 332699
432473 37944
169490 190369
360487 383431
122703 174502
206359 335332
324742 432470
2057 91154
183164 278800
158372 326344
124874 48315
184208 196022
200689 267763
386390 39575
129594 423158
128143 201041
14772 249395
331305 366561
122843 178802
43597 46343
330539 95105
192608 369478
143419 376815
43899 258173
297748 252571
367677 256499
324724 382448
112859 369033
172220 205791
398025 215817
299955 184673
190911 422932
93361 402724
153902 339272
392947 85912
244564 260101
33569 357422
193467 116518
322308 17403
224365 198955
61915 279205
131693 275936
377944 236669
288975 75073
185209 363839
71873 429773
423974 113860
312814 51487
327422 348220
297923 277367
314256 151231
266505 295670
359886 240247
100387 306110
160719 240278
242841 63092
275764 145351
283899 246041
72660 227831
419263 387063
94280 213105
17686 227718
12228 197162
174319 19018
164369 249778
174523 232625
374521 326370
96164 358117
683 352963
3429 94963
44467 61060
202844 413702
94289 215071
384204 263582
250129 366586
92167 114033
394395 102397
386215 150560
112839 386898
395926 26388
2606 294235
315554 10960
205795 371909
232731 419648
209457 88153
28607 177303
42171 287374
270336 247966
89129 240372
2394 172007
430449 396005
127680 373190
304498 233911
342835 78288
322064 342812
248003 350670
295947 384118
99155 338117
235825 369490
64482 373507
350955 210494
361847 235614
101382 384834
236424 292468
370755 263434
400470 97157
92503 398984
330792 388449
277835 183513
308073 275412
204786 297188
97146 306167
246355 85117
13627 47112
377584 40932
104770 312673
127365 296813
356048 405199
44660 183679
76722 352732
336311 228209
281045 347522
12776 91733
138845 288622
417065 243614
338895 260141
186942 81010
118864 314306
291889 388977
136989 274626
302687 103861
109659 240948
320248 1728
265289 111833
249526 404902
299028 19814
358213 61266
356361 409267
249957 88373
70761 264831
90699 314737
276992 42052
380079 161573
43779 209701
187472 363159
378217 123778
433815 106143
272507 396383
252958 86797
393998 78399
262718 17023
159775 383878
252918 18253
109785 296696
227954 297256
138254 84570
105516 352893
16651 90660
140502 95588
220607 393419
113841 244457
168514 255860
20112 306768
68406 275723
244067 26322
17008 179881
298717 71576
275468 433389
123567 176357
246807 378062
301668 99821
351652 370073
375543 25944
108327 46891
321246 264982
200298 182058
352354 358431
102645 335227
355003 292178
332950 212462
238435 283452
167804 48001
375986 21746
423676 48646
418368 309255
105763 92157
414651 238733
292261 276440
336387 350277
326015 40634
46547 150397
172142 408106
385244 154843
251908 79538
149784 357670
44477 77478
316210 5474
426128 86870
195979 240914
372488 242160
134470 356918
243423 6735
98072 191761
432786 247855
27831 82880
389779 422039
359565 40900
190852 350026
41835 386831
155273 43314
