175522 175836
97755 97446
132981 249230
49134 48937
233211 233369
250271 250349
126533 128918
7454 7341
242790 243522
219813 218472
51286 52247
127296 127258
134867 135782
61150 63512
118924 119038
71330 78058
159635 155463
12194 23680
250177 249646
195471 144636
163668 163566
109923 111197
215373 222043
12498 11438
13957 13710
254674 256081
90918 79776
10651 10973
173370 173251
136640 187667
137686 138389
24984 15973
37898 38694
63687 62828
14770 14831
184098 183396
156923 158271
70856 64653
88796 89278
151898 142140
217431 217559
210150 209525
184043 174166
213030 213095
51749 51318
255914 255635
191523 190903
86399 85895
106026 106086
168401 168146
161974 213320
143281 143054
17562 17669
206925 206863
195735 197968
46105 41399
197695 198129
98104 97996
164220 164197
23409 23210
183005 183547
135987 136765
229245 229766
8771 8616
200950 201056
124363 124710
163353 184208
111538 111411
127884 127275
200009 200261
248074 247925
47924 48829
127187 127948
17095 33798
46723 41472
43965 43669
153028 186038
96141 96544
222675 224006
67844 67596
61684 61887
77591 59951
248634 240409
121574 69870
261850 244998
20269 20031
210522 209625
224787 222492
88738 89246
58332 116737
212165 212376
70893 70719
109539 108669
131814 132226
143631 146266
47696 47619
68487 67979
255417 248357
79902 81338
387 1878
46954 47613
257228 5602
175570 175718
252038 252060
213329 162087
20390 19527
255235 255311
134937 134653
233425 233265
155349 155011
133751 137174
179041 179212
39099 36781
10384 10618
188396 187464
150201 149449
17146 17618
54711 54064
28540 28167
89902 91300
210931 212073
104672 104593
148752 146243
139780 143510
204988 205112
201069 201246
11621 22395
153272 153527
130665 127916
196561 202534
195077 195846
130321 128297
109901 107637
90647 85910
78110 57784
211491 214872
130475 47959
50601 51551
184774 184593
141768 141071
218531 218343
214201 184395
67535 71395
159109 154258
207540 207090
19763 19973
262827 257862
5119 5343
112226 111380
109352 109738
142437 141214
117256 117085
249957 250340
154513 154360
182929 183244
34119 21749
186724 189918
216123 216592
37831 38620
207738 207691
169011 164964
156292 176538
183911 184677
84048 84522
5405 5514
176140 175883
92683 92638
87880 90385
21961 22709
134401 189515
111674 111277
157032 157108
125317 125221
42141 109030
247501 245858
166568 167097
238580 238625
148287 148562
41488 38010
29767 31118
240948 240911
216565 216261
168488 154019
145720 146449
55558 54945
217027 216998
261795 260241
167038 167054
89231 88109
172440 169705
33050 14533
199066 202373
113157 113007
123930 125729
48561 48178
162109 162054
85756 85430
122453 121676
62328 62447
15052 14727
11393 11486
260541 5091
45568 44487
41814 50436
149936 146350
63462 63134
211021 208727
123736 123673
140823 141248
213667 213089
55263 55699
182907 185632
63245 63470
180339 181150
138621 139674
204001 151528
155094 154518
31521 31644
211450 212143
112576 112786
151368 151449
133865 253426
124934 125020
222289 216553
12104 11949
14876 15053
166038 158820
55636 56494
153622 152663
221923 215812
92495 115733
184105 152241
168299 168778
39425 37024
183854 183405
130441 129684
214907 196145
180267 180520
46510 45875
17452 33763
145414 145619
133668 251126
168351 168755
260359 260514
183088 183284
145189 145099
88595 88821
159293 171531
61887 63791
34240 13202
37620 37436
184797 183188
143844 143282
221006 220681
198120 198275
214898 199554
137172 133920
108792 108868
207984 208096
204134 203643
104125 113845
160955 161072
197723 207284
153788 153573
134537 136776
172139 158040
158603 158232
155114 159485
194519 179511
51050 50941
190274 186771
109771 109465
215829 216428
66788 123556
48696 48475
224578 220665
151595 146082
252071 251357
224820 220718
36091 110580
140362 142949
134362 139694
250509 250456
221241 220951
188241 188311
127270 127453
43144 43284
153025 152023
89760 89410
136106 136306
251847 240391
131576 131499
200194 199603
235325 228926
92421 92343
126398 126562
128769 128543
131227 131036
55955 56013
18242 18516
99184 96562
224012 218822
208611 207792
28900 24277
174947 174881
134605 133579
12503 12919
218347 222660
174148 176362
128977 126560
230002 230018
152832 154637
174494 174326
58667 116537
163855 163776
207849 204850
161939 162178
40017 39618
219726 219785
131212 131181
39680 39316
210855 211167
63201 64070
207052 203491
82691 90654
27998 27569
192405 192301
112706 113000
59326 119630
241856 240419
157318 155840
221344 221750
147686 147697
176299 174138
58728 59157
78330 57805
4271 4236
248116 247984
156075 156703
43548 42469
37339 37776
77777 67198
27814 28499
59792 120060
123915 125718
49725 49541
34560 14893
17162 18005
203229 202595
208672 211184
229173 227984
168201 165451
45606 45988
167058 167216
132115 131692
142095 142309
160385 160215
251035 251183
141553 141677
129921 131406
202230 199001
146398 146749
142800 142516
253943 254751
61104 77827
96723 97189
165330 165023
207261 207365
96322 96795
125243 132072
249588 248745
10077 9642
72282 72804
200100 205410
11362 11713
169403 165811
7330 32328
148205 147572
59577 59689
157504 158506
184779 166847
224259 220334
194908 141195
21086 20885
146497 146273
174670 174705
200081 200181
195950 195834
209641 211875
77797 76866
31593 31532
58364 116608
127716 122049
212875 212710
167665 166727
184954 184741
206537 206674
8932 9128
23638 23762
159207 154518
16467 16544
223846 223947
56294 56796
211027 211541
255675 255535
145530 145742
144505 142858
202398 203230
163265 162600
252750 253119
199976 200310
171297 171594
229706 229654
215921 217608
261887 245194
146152 144060
82873 82919
146850 146786
160047 158868
239106 238998
250624 250388
46003 47040
8857 228897
186092 180019
211190 211098
236662 250631
144812 142815
195997 196069
59084 58956
144961 142788
189382 188835
58694 58944
3082 6369
73177 73191
213366 161930
140736 140603
33837 17189
63139 63705
146726 146385
128731 120550
204404 204475
210686 207947
175226 155616
1323 2674
250123 249872
141612 139996
205338 206172
163560 165366
249234 251237
124678 124638
179021 179052
184976 184919
55950 55577
40243 39684
157340 158110
263830 236491
248402 249045
68104 68286
18878 20472
128478 128869
168386 168232
199558 199538
248414 241918
224060 222879
157094 153481
258376 247885
28897 51624
129835 129611
175501 176538
157563 158151
186500 190227
177338 177317
202261 198414
24368 24938
127718 127312
220865 221187
196236 195864
176091 176950
48005 47333
89461 88912
168932 172592
12562 13268
187108 186297
135325 135292
122454 122273
210401 209455
130129 130042
245393 245304
174226 174425
135398 190785
107883 33204
153632 154380
147941 147993
87772 89232
154040 154103
17212 17169
110734 111425
103572 113425
203946 207117
172664 152580
106944 106681
253786 253564
25555 20765
157368 155910
143369 143105
127685 128296
61757 61530
211000 210872
209213 206475
183926 183862
121011 121266
165108 165246
249930 250291
33587 33753
243486 243288
22567 11492
77547 60784
204442 151422
12253 34368
119571 119542
187841 190494
52992 53107
165743 164632
254629 256078
240189 239845
211767 211734
151547 204534
245440 245057
95212 95512
248178 253925
157319 154616
47004 48054
99447 99167
148921 149079
129581 128225
152024 176485
164801 165461
21682 21778
39678 39907
248341 258668
58864 58339
253705 253646
131240 131348
179378 179477
137173 133970
154996 172299
27554 26792
203039 205267
7592 34397
21691 21560
103001 101452
120158 120016
23814 23733
148670 148794
157331 155944
109995 109674
31655 32129
24728 51959
217945 222570
135429 136349
22293 22555
253748 254415
166797 167549
148228 148405
188286 135319
21652 21806
79590 79229
38160 37283
55652 54849
157423 155860
68400 72206
170032 170530
61712 117475
100543 100570
20967 20987
189413 189376
104730 103930
190333 186398
157193 154872
205564 205762
173516 172941
222277 219496
184994 183819
183096 183345
140312 150490
238214 238289
175043 175520
144374 142233
178000 177756
231224 234365
112760 112491
58785 58992
163349 163281
104502 105385
87690 88456
157021 157226
156795 157356
57704 57048
100035 99705
154295 154426
220238 220401
123882 123972
141569 141815
42929 41733
241835 240414
30688 30649
207985 208445
199850 200487
63509 63467
208927 206431
138363 137080
195823 198202
15031 15526
69227 69167
148412 147642
52396 55782
4922 5253
147627 151266
156999 160560
204219 207343
119544 58668
247103 246464
134023 134107
193109 193098
22248 22620
184500 184152
183403 184830
135720 136778
64868 66121
8750 8610
158004 155280
250353 250662
22176 20230
168228 170505
32152 7027
145195 146496
78922 77310
18416 25299
196415 196293
11499 12843
197541 197510
169272 169033
189888 186665
211329 212129
99108 99047
107502 113908
24530 24311
205271 199563
154185 162443
128123 127632
167601 167512
54665 54366
189583 132819
47721 41511
186250 186967
246744 246146
124553 124844
181588 181571
39567 44647
202064 195967
177564 177423
43870 46354
125251 45332
245331 245520
203799 203589
201116 200692
29149 29152
8792 8649
158920 172092
56628 51764
117319 117505
101080 101170
156154 156782
214574 199322
158204 157707
138707 137344
154629 154944
22280 11608
68594 68585
5998 5896
213791 214195
38828 37942
144695 145300
249194 248886
99270 99636
21515 19629
207812 208621
22115 22206
227669 228324
146079 145402
165255 163451
143138 143686
180879 179404
45563 45594
168752 170678
127409 126732
130574 132377
200344 200138
38754 38060
104331 112895
249306 235978
136266 134814
21098 25807
69807 69502
77999 66709
130901 131400
16592 15930
195615 194883
149574 149398
248610 249435
210322 209924
67009 67345
214871 211125
208521 207627
120080 60433
14866 15431
134250 134954
23113 23021
185600 181534
106120 113785
65465 65651
3283 3230
58304 58746
201893 213762
72186 72076
31920 33020
143003 143223
186684 190408
147058 151677
113416 104612
170465 168082
122851 41911
203619 204187
124804 124067
17513 14729
197471 194676
150198 151922
27130 26773
20393 20657
124751 120170
8724 9151
133827 136968
40891 40856
109443 109416
8773 8678
203019 211664
10364 10483
11608 22623
37790 37682
207223 207326
208664 207605
158034 159089
217426 216639
22991 23078
217797 217762
5500 5271
202379 198430
207216 204122
181065 179475
175562 175641
161417 164748
35110 11001
44355 44460
171264 159298
38482 40285
253480 251395
19613 19951
176572 156327
46309 46654
13090 34232
19444 19419
255972 255806
148834 146579
47332 48078
140971 142356
253644 253848
216426 216540
24247 28853
154741 155231
40622 40529
179863 182194
133317 133547
59258 59792
130595 130892
175283 174422
210768 211589
45881 45550
38295 36637
221987 224075
188240 190780
190276 186884
21164 21201
207624 208522
115221 115504
210149 210179
155135 154174
98585 98651
141613 142059
133749 253290
113583 113025
25141 25019
252669 254347
248780 241961
262209 259525
18420 18841
3100 3225
208603 208749
174471 176435
197129 197147
205691 203086
103318 113218
130415 121191
212807 212687
205713 206672
31718 31086
68075 68530
195670 195588
211365 208764
45553 45977
21571 12669
212744 212678
78118 72817
14271 35475
251347 133856
61014 61130
39999 39749
166445 166350
205394 199573
5781 260960
145669 145218
68908 68821
29898 235538
68071 68194
49228 48778
205888 206828
160159 176550
10695 12618
106503 106572
60360 60090
102785 97404
152865 153569
37470 38165
132448 121852
124411 124274
154101 155028
163560 163864
46965 46728
165254 167555
121020 121306
246848 247043
148328 143334
202127 205611
7000 32109
183932 183432
223896 215872
125012 128689
216195 216070
210605 206951
216992 216177
132880 133149
145090 145863
196224 195697
33513 33215
153420 155866
42970 42835
144472 142353
252482 246982
24629 24307
248458 248504
228620 228565
182890 182688
196748 195535
218761 218425
206167 206404
230054 230494
141793 142142
87062 86924
211733 211692
37761 37390
195303 214434
1700 1811
24870 23890
197342 194546
34719 8663
252151 252438
231451 229334
214750 208393
191133 191349
249775 248791
206055 214378
186889 190369
209996 210216
22862 22179
33752 33650
112310 111770
132251 131851
252925 252898
253198 253019
183316 183014
90430 91713
106835 106799
262249 250953
231109 230955
8104 8186
237712 239242
103319 113307
203870 202801
77323 74377
22479 22645
15949 15797
55710 54966
105034 104946
196000 196589
84497 84685
257373 255835
199377 196540
187224 189557
162712 162579
249697 250341
9465 9927
237712 239266
62903 60286
33377 105826
123649 132310
169399 164652
146386 144965
135930 134922
188237 187700
103920 103375
135800 135932
154840 155064
183216 183022
198963 198255
47292 47914
131051 131279
47082 130020
28498 28404
23312 23065
260400 260194
231046 229601
181086 201915
136939 133967
73173 77242
230001 228545
100976 100993
263615 243189
204350 207478
203151 205652
176920 175013
160685 160824
24850 24038
159952 157912
172838 164841
164844 169313
66619 66027
203087 203416
41168 40517
120856 129041
114641 114658
104351 113931
127417 126304
41639 53418
70567 70549
56094 55254
143106 142987
203863 203752
111866 107863
170688 170446
126355 128533
123854 123940
184243 184224
87993 87348
233230 234510
227610 227483
205794 206041
217953 217753
117438 117368
159124 154496
165960 165894
16453 9610
142109 141902
255854 256323
8056 7767
64095 63241
162109 213611
174751 174639
46967 47116
23121 25936
111575 112093
184420 184272
162922 184140
11444 11581
184940 183170
173142 172916
133895 262202
104503 113007
61680 117567
152067 176518
51141 51317
15735 15838
