42508 42154
156698 154816
87952 89394
20264 18539
224900 131870
219904 216966
182078 179753
200268 201782
199337 138896
181668 201749
112131 18824
46123 44775
211893 165717
204437 208002
137107 138725
42654 44342
204927 207490
169802 215008
200629 209951
77664 62682
153620 163873
168677 167611
30107 34434
225651 225946
157138 157846
211564 169852
19568 20608
135629 134529
70935 64457
253105 250992
215475 222213
204203 204635
33714 18377
23882 23168
208826 199665
24897 13662
228847 229315
162725 208320
214674 140938
19522 22929
260013 258647
128885 125673
18799 25829
155441 158926
167777 165807
118270 123820
126903 37863
199968 206108
181657 183397
260940 260677
135642 197537
33263 32900
140910 139970
105487 40178
198276 202227
135631 134743
61053 61208
15722 22361
170694 169431
17066 18792
252516 246243
200444 201716
249090 249848
166017 152132
228313 229311
111922 15079
241048 240131
23287 13806
220932 220324
1088 1476
136398 190723
40996 48705
220767 219162
176580 175177
40996 49398
203858 214843
116725 117912
227584 229004
162213 161615
103608 111563
99011 95745
61980 117159
20801 7952
25945 28723
217680 223785
145682 202611
224867 215768
26527 39559
249669 251300
74861 76650
164762 169561
120191 127088
45452 44850
56188 56495
101316 122660
18206 111979
107482 106715
21383 34579
9164 12347
142788 145671
144898 151333
165752 171588
47964 37849
182639 179747
61537 116990
40305 37942
26888 105112
144809 151434
25946 8676
104898 105414
3847 2753
188975 198026
142482 140163
46217 47300
83723 82254
143655 149452
31860 111817
125190 46115
99203 97040
6876 7365
208059 212556
181473 180527
36357 36574
93408 97831
189276 134696
63376 71297
46780 38233
123526 125470
47516 38514
113373 111214
103568 39913
253357 249624
155250 165400
14291 13454
127092 128253
177468 174515
254212 253819
58013 78313
36628 36077
63953 64421
124462 124664
45003 46001
45372 44770
251940 252494
168755 159210
71793 67786
126617 130092
62179 65428
175235 174050
182730 180455
176665 177270
60010 124557
76027 74569
106228 93168
188160 187928
166407 163023
186898 140877
50638 186952
68405 67200
149854 140532
220645 222350
33794 33233
169647 161559
200111 201594
191295 190945
221586 218263
208010 211410
258954 239165
15944 14763
255461 257515
22024 11401
16072 16113
141924 140766
72627 68392
183711 185109
203074 207570
77599 67081
198510 195097
20223 11956
248458 249801
213768 163165
224559 220154
165378 167733
211453 166158
146092 204848
27041 18982
176223 156523
175425 186132
213700 181264
163396 165996
184359 165528
175441 153058
32733 33470
221821 215994
208870 184163
156630 156802
184120 180876
85686 81994
182081 173594
198919 164634
153150 157449
153762 157510
157661 154495
149082 147040
256741 260199
166190 163624
241976 248742
250537 248892
162827 212037
68602 69602
130351 128072
83378 82851
241370 261512
133593 249908
151826 186280
224721 221098
144631 145114
62803 63640
59711 77733
223313 54290
134174 133782
59655 59971
12958 28283
128377 123703
87728 89258
33741 19423
162477 152792
131183 129883
236357 246013
13094 13801
61451 61066
101117 97310
85792 83512
216149 221217
169391 165237
22875 14076
17047 15485
149331 143446
119913 124235
127091 35706
1124 3794
207542 204103
142369 143696
167540 166542
179021 185329
167534 165066
205518 205781
260023 262227
169681 168287
162991 209319
197400 196489
121215 70237
185907 181557
200358 197001
212156 211235
69869 72125
251758 246078
230422 229735
217460 222906
164486 164922
105800 108826
137050 251179
18827 19537
222954 215258
164569 163984
218521 217171
261365 240539
174518 152480
112108 34851
196221 145099
258231 258964
217347 224084
164108 168021
262226 257125
78924 76057
23621 14092
157273 157397
190574 55009
208087 206317
125509 120155
196970 197732
8303 15403
200660 200188
74449 74592
165852 171225
104994 38564
10929 16435
263591 260296
181070 182658
206627 200422
57495 57084
38818 38352
88542 89719
210603 201176
139329 199619
165125 162705
171236 171604
155542 160390
13331 13733
33979 25273
50378 48882
11695 22734
184172 183113
49769 55319
56860 61664
39923 131767
186699 187407
70716 60149
149901 146355
25666 21221
125359 47856
16671 19811
124321 119747
169488 170594
66606 78541
38355 35967
25176 51789
199680 199575
169766 212232
147208 148626
157947 155911
199945 200844
31200 34637
48739 52764
202779 206174
86677 86454
71818 71114
221572 218483
242556 246428
186916 214995
87047 85124
205944 214501
145412 142891
209748 179262
246648 247939
217654 223878
246188 245585
245605 258671
198464 196562
88785 88858
257107 260510
165303 184562
109175 50062
120626 69915
190659 189432
1496 2899
106933 106273
13236 12647
107923 33902
135202 197544
252940 254099
263389 261257
134513 133089
181760 181810
147146 143065
41190 53522
112141 18751
151135 147722
251533 253208
132259 131282
216957 221512
167270 154680
162091 212029
41525 40289
257258 255680
236618 236402
129224 68692
47074 126751
230291 228188
171425 171889
261558 244065
101877 93283
17635 32905
72056 72736
5671 260445
217537 147487
127598 132417
141670 186815
140014 189725
134890 23975
154381 157950
2435 658
222141 222314
217796 215516
227914 235263
16382 15687
227370 229477
189267 187634
164256 162701
167183 184673
104065 18451
242155 246286
255879 258627
146359 203739
45329 127985
261871 245356
209958 206254
7570 15649
17396 33652
202080 202963
215031 190815
42102 35625
4054 3571
14241 11026
49844 93486
45419 46112
189412 51098
204297 196316
157822 156884
236780 237174
169175 168351
196852 140988
251545 236803
196589 198170
152580 163431
224241 224216
112577 33791
230952 235566
201441 139535
196473 198789
222707 56393
195439 197302
29506 32576
110260 34359
131776 49493
140838 140057
68807 69683
15951 14788
252753 250450
97573 93323
168267 164773
24939 28066
172835 168758
252483 250494
172652 165555
262235 239901
152202 154765
7598 7788
179207 181085
154742 153223
145029 143929
259881 247679
143094 141914
121161 70487
162885 183033
253200 254203
63169 78459
37809 40344
153204 166974
127392 130505
60151 75251
119972 124189
3147 737
202583 195119
137194 138541
18616 17797
147911 147610
8438 8090
26879 21312
257176 4930
162804 165880
259924 245865
148304 143994
201596 209184
166566 168428
213084 169426
167941 166574
200886 209318
252122 138294
254489 253386
209744 181787
205739 203793
56124 51472
64960 73750
10460 10748
251975 251547
98077 95346
72476 219245
182999 184673
202506 195745
163060 164242
92164 92414
204733 145851
171036 168666
156420 176380
176064 156622
167685 154101
111008 113787
120005 66960
98715 98300
58613 60874
224003 216672
230478 228679
86911 82561
23603 28692
207926 210995
205771 204055
144811 144441
167945 166685
49 2254
177540 181467
214586 165678
165137 169408
141299 196268
73650 74569
187023 190426
89507 88255
128576 126256
141475 186401
164292 211384
56982 80517
256014 254399
230266 230542
66753 77453
71244 63124
44561 42742
209140 211077
189441 187108
228569 227952
2570 2835
130900 128333
209058 206249
202627 204385
162729 162566
110789 105838
15245 14945
218563 215972
98627 99343
199061 202514
150666 140880
108571 110736
66881 60291
152061 156709
220759 221711
170620 169391
214585 213235
204279 206842
15209 16327
206985 209099
226574 234661
80279 91395
177118 177661
165230 153527
199012 197721
210508 208899
205535 202135
71518 68858
38267 41630
254317 255585
204946 214488
146475 145116
89704 88016
48877 47014
188120 135730
24600 51916
111451 18274
111150 109471
144525 142862
163170 211856
162148 212563
130321 130824
37145 39483
162916 165934
162737 185932
200984 199550
254361 256336
53658 29084
113127 104317
40568 39393
242067 242200
244514 244137
104211 39088
253136 254306
45447 35941
165404 184468
214424 141384
115935 103421
167826 172543
52968 41613
145965 204419
200417 201567
49175 130669
255901 246943
71049 68333
68991 71070
202427 207938
134137 250953
167187 157055
99332 99652
149568 148146
101978 97455
256052 253741
33704 17888
91462 91070
140200 186782
17089 110986
85715 89738
123815 124404
188504 187785
168695 154863
62789 61656
152582 154063
214259 162886
34139 19874
29132 29386
120008 59254
89704 85747
18806 112601
151991 215942
196888 203504
197193 203492
205653 202187
180645 181056
175481 155706
129773 129848
215257 216613
154487 168303
45177 44758
167538 184559
71373 64609
163168 167641
174211 181775
152724 184934
147817 147133
11235 21783
164947 170760
203197 205784
24502 28205
95445 99047
10290 234671
80575 90596
104574 18790
198039 141267
161544 169080
58119 76227
132883 135010
28852 52660
188433 189810
174520 156056
32079 7657
27223 26188
64553 77085
12689 10247
245130 247997
245787 244440
76257 63375
213781 210117
202246 203349
60492 120302
119869 59342
154611 157178
163788 168167
120770 68124
133967 250156
159562 170500
206974 212050
156255 153177
102881 100470
124407 120323
32279 30925
74059 73258
145670 142908
130901 129860
13872 14304
151055 143505
38119 35789
223024 222933
155280 152165
260211 4922
148314 146567
181899 161235
11996 19542
52569 51702
165409 164963
11847 21675
122679 45343
200453 208921
134497 190600
223319 215954
156378 153202
28345 25675
123969 123774
261810 252053
38878 49414
230414 228809
197201 151580
63669 64142
25628 27680
168552 166778
153179 156359
196609 204513
41038 36948
10137 9399
59572 58581
185156 182873
215097 197702
136291 134530
251198 253065
37827 48657
180413 182897
202713 207105
154337 153600
176609 174687
111800 14802
195506 198188
152399 162886
227789 234866
169354 212141
95600 101901
249527 251896
20734 17440
172680 211256
163286 165984
58498 60274
20169 21649
260248 1691
90087 88254
169773 170104
89452 88088
64564 68174
46608 47452
187731 28890
49085 37909
162549 166812
28594 34802
246531 252019
53420 38873
208233 205830
199073 197761
69239 129541
109078 110178
39697 53137
136812 137281
75361 91251
204529 203170
123519 122080
66945 119683
68248 57032
169912 212361
29336 48761
130784 132539
47670 48871
125606 122830
112161 104165
38735 47067
26463 105508
126440 125182
25480 27824
153005 184034
86166 90451
96369 96473
134211 135415
138618 135922
108524 94194
92627 92871
7761 34264
22914 234648
210096 209568
219860 217411
12032 23689
197503 198175
202906 204206
54678 56143
246875 252785
170074 159133
159321 168832
197617 195927
181173 179087
159937 154644
223782 215381
202535 204777
123989 125196
164145 165655
181642 181106
133593 133184
48920 47026
38393 47685
205836 207672
124901 128769
184648 163562
157906 158499
118111 116621
230810 230277
21103 25820
9820 9477
256115 253070
43150 44610
254417 252461
168704 170500
138148 134082
177014 173974
112532 33811
47215 126788
171637 171015
130208 125395
190278 187441
212481 161469
30860 107716
57692 57971
156372 185345
255538 260071
202090 200320
77479 70676
226938 29961
144661 145559
198677 209204
199978 206378
189249 135726
218878 216148
134480 137659
36840 110665
22893 19431
196709 140662
127429 129240
222698 219236
162880 184502
5096 1684
10270 232840
133280 134253
260555 4955
198208 194585
203486 202943
25843 20019
32910 32299
196833 202931
37670 40229
170006 168815
183409 184268
90006 89320
242277 246671
86074 89939
184188 201924
73193 71425
168553 170023
127275 130756
168388 159760
133509 133670
124555 123853
154722 156771
180606 179690
47845 38524
187307 51171
167539 166285
126401 130436
44761 46977
215792 223602
231652 229250
169825 169293
164758 211044
153389 153830
212505 169875
218178 221882
33135 107976
158987 155077
213807 201474
141280 189547
219593 219045
148857 143946
153475 156049
25696 22967
250996 133599
134555 250065
153334 154076
104536 18238
141248 190378
112302 19453
189230 188383
140814 187363
133922 138848
40851 49348
48004 48432
200179 209272
25900 23342
53639 215531
212540 163487
202766 199013
27133 103553
9842 12797
104606 18634
89064 81095
69654 129532
200017 203335
205974 204799
166246 166940
168138 164505
164566 168748
154583 166985
163179 183388
105089 20803
175948 155809
177797 179710
168120 168998
82939 80669
93126 94291
60114 67495
108291 113956
53660 41309
131061 121186
159527 159749
141309 197626
28647 51533
168237 168537
164078 163226
168113 172536
188891 188510
231657 230384
141244 140012
21955 21317
233092 231455
134803 23722
38589 44663
92405 92706
72584 220106
199984 202419
187050 190275
134150 251212
245140 245323
123467 119857
183019 182785
22617 21564
138514 136626
174138 184628
155711 155948
233611 10228
88262 88516
60189 119739
130952 48091
69199 68431
33698 111703
64403 66599
18021 18482
194987 196207
138014 138536
187316 51139
177744 177784
58266 116673
11901 23590
142305 144752
64790 61825
36467 38398
111922 111889
138963 137266
207490 207026
145090 150109
256552 4138
16073 21501
167159 166464
248475 132605
161508 212479
37940 44721
163710 164302
234986 232949
226573 230933
90261 90042
207404 208834
165557 166611
24058 28471
167380 163311
209600 214519
157140 160757
166662 153707
230300 228040
3144 4065
66390 66190
88766 90393
145549 143785
148712 143232
252573 246496
197022 199210
264229 245635
205342 209197
55198 55917
209819 211912
138304 139466
162687 209029
215923 218933
166404 152609
111845 17294
105058 29083
118144 122151
97451 93217
127721 128023
48819 40843
230376 15914
29022 26652
196645 166408
60375 78666
98295 97739
189312 194754
122166 117713
141359 196198
9074 16635
217052 217105
244343 247289
6071 577
187634 188839
126162 130585
183055 183612
204518 203475
127048 123686
