29198 36504
213417 148448
68142 222638
128344 59359
236853 242771
203399 186631
13297 28662
24905 240339
79989 89120
73425 87659
98727 96551
173711 178715
162786 157482
152302 207021
113466 94177
190848 250017
192856 191262
57425 61362
182550 200391
180430 198687
80066 82851
5117 240970
44572 49429
70716 221260
5071 246222
103727 45979
107699 13681
91815 74035
137534 20876
66855 127862
12315 15042
42962 37024
74947 63460
138747 203629
240814 255741
47515 39250
88466 83614
138264 190486
28495 55279
202148 161504
131395 54802
25457 38943
49188 38633
231349 225122
180120 163222
136495 253050
80506 83385
148012 215547
228374 233448
101762 97759
136216 203762
15316 12982
17324 113797
111390 7935
144654 143165
205875 169683
74238 73134
151451 213688
184229 196040
138407 28291
60291 68712
187146 217612
203271 55360
74164 89299
258286 4833
180555 164358
189233 28203
68898 224115
258395 263295
67382 117172
187873 12398
48484 103970
165058 203723
10300 28606
150886 203554
230814 12791
253734 199674
47903 43774
33478 10821
204309 184082
71923 62835
64588 129790
194937 199767
245896 249580
158511 168219
143262 195475
150872 203167
74855 129011
211438 203671
26834 21915
158107 162161
26728 40306
166240 146038
53970 196657
231429 228769
167097 210305
156814 174429
183033 156215
141925 51543
149540 202391
125834 219400
195195 23837
18194 26374
251055 23702
174096 178050
184102 161499
104244 21344
64922 68187
137278 205479
157719 170119
123289 44124
190540 202903
184848 177242
26808 17280
256233 133940
73651 70786
179937 185724
172698 182047
141762 200723
80962 80900
73719 117072
38793 105500
205991 152446
33537 24307
129806 122641
201554 203746
1041 5007
122936 96618
251115 214781
42093 14681
131889 217301
164810 166916
47119 67787
35170 92774
102972 122720
66978 72764
209999 195439
185085 207733
101420 47224
205446 185112
208460 184616
181692 207541
190642 201593
39804 108125
202040 195243
63428 68523
214111 155939
167936 203598
159465 208568
33813 109229
163416 178813
124637 218287
63179 72215
262504 237818
15843 111868
211268 140406
171367 176146
204189 151247
36976 20539
125629 129328
250791 246562
241304 233163
194543 27769
145822 143541
189209 133288
145503 214378
87693 90816
139770 196900
118230 64755
248229 138692
45094 116846
217618 186847
151626 217735
130268 78503
251358 241980
229278 226821
130675 71165
39917 108058
119962 132154
40537 49923
103590 47305
132026 55314
258406 242996
202814 52101
110942 16217
35377 7618
21475 26511
210618 144961
128977 37811
40634 132007
132871 21546
39649 110976
251004 255571
136890 51951
248535 256124
214418 162596
247308 264285
8818 32134
258527 261917
152678 205996
163870 170763
196257 146370
135691 253119
136431 144752
164205 195150
43797 44392
186580 139739
133798 244929
178754 200041
22910 188535
108123 37406
52943 141040
25600 21783
50699 144308
40890 18147
187176 186686
137790 249189
184257 158559
195781 150129
210068 202475
174087 173230
93730 49963
121221 58245
80946 81622
218079 68539
97026 98432
46057 121857
190740 200691
45809 128535
209028 163217
20045 104889
179471 139004
38650 27129
61387 60913
214609 134809
257447 133287
204656 206527
36974 108406
160324 152949
183107 158319
222837 48633
138222 190121
101671 97264
67128 46173
220567 62933
42709 44818
19065 107474
104884 24524
162860 157797
250784 201386
221809 48311
10000 228834
24761 187475
27348 54308
137366 241047
238469 235741
30982 225301
203280 211767
130847 41155
63795 58909
151426 141871
233193 232552
240588 238443
232590 21269
111195 28302
68570 129676
261191 243489
165639 174354
72221 123543
52680 202702
33671 37186
163760 199755
41193 24731
159030 211422
158327 167846
183996 176640
50836 53627
30140 230702
186868 189316
43571 108786
176129 164036
67254 116600
142369 215536
28069 47736
241181 243799
240777 137330
128102 26306
181198 178662
165564 145132
39572 98892
56511 35460
34606 30490
172821 172606
210532 153818
49704 46704
125779 130365
32049 10465
93560 112043
34764 234693
103478 50852
129167 222223
245135 264054
166644 171495
223445 143035
17637 16531
197867 13780
204392 196241
30600 15795
130598 123102
140267 197233
126465 122660
197173 190778
44953 117778
12189 24670
188778 208286
214231 195372
1778 258423
128719 46353
126029 131456
150898 189406
35965 127729
135242 195275
256414 240694
58360 64338
47958 101118
37702 94310
72453 218815
45634 42255
47943 101145
211288 200430
146838 136652
130305 216865
128967 220265
113137 21274
10245 12533
10970 28345
78575 89692
16012 11219
132853 249358
2132 254258
232780 245084
213746 199491
25013 135855
192877 191395
65819 80260
241514 241110
771 1684
54093 126479
83822 86646
141650 55773
113629 14470
209475 211545
12712 113039
26642 51375
45419 104287
223315 48257
196125 148235
219906 70557
206746 172906
218868 56782
159046 176888
90634 89401
41152 190256
199591 132872
200147 186397
133555 248573
232261 12897
98159 102424
112634 52967
120911 64761
207799 143281
50650 139881
146413 204996
189357 207388
120938 74899
16991 40444
72121 222466
232148 17639
234896 230769
43782 112068
203422 212949
42382 97117
53138 21193
142900 199700
130150 42747
18531 7777
97110 43306
43191 109199
19134 111980
38313 108086
162583 195061
159110 156658
62325 73749
204443 212202
198401 138471
77701 66149
62899 124257
58673 124851
69801 132304
164213 144622
169102 153183
209904 207323
70000 222959
228688 19777
168636 156806
207023 151903
90076 90917
146187 209472
52078 143284
130741 55960
188398 28032
133063 250645
180323 185532
108191 20359
88761 82092
7433 12457
217791 141470
177801 179246
44431 53757
31912 113724
180047 166476
49591 45778
20263 187301
168270 175983
41628 18952
157437 174829
10053 230797
204130 214145
118728 193914
179014 168681
51096 131729
75283 57524
15439 34429
106359 24003
36551 126773
212542 206073
168249 210420
174370 179107
122876 131029
5308 1372
160797 162817
55483 39666
26895 28762
60262 77687
9838 22972
70550 126849
37706 111529
117984 101069
202930 149315
85755 75980
169669 214871
214465 55279
140356 190269
12973 26185
134116 248327
7286 22380
54252 70570
118209 60626
71689 70416
202572 149652
199555 187015
197973 51709
124107 118384
244929 186829
37873 127481
123344 69142
128882 60210
110365 17133
137185 207386
53184 36033
133071 256271
178139 181520
189222 253478
175499 209334
154479 183695
50384 130270
210381 152912
164626 172668
62827 61517
264196 239287
204001 198507
29516 15248
39075 49652
221848 222988
31954 31621
13528 18737
123003 45481
183206 172851
254502 235782
251642 243735
106250 32525
216814 145141
87804 80089
91478 87248
54692 50931
100587 45780
162580 154939
113666 93811
32051 18657
20709 6864
159832 182904
12665 24970
36075 100130
246596 259466
106522 29807
164758 157456
15669 112268
199556 188908
240727 237331
48985 218334
222074 131251
58317 71135
204047 146261
184440 166044
165519 208365
239636 255384
121112 46704
52807 145321
6519 22570
98950 111745
41937 45465
15657 228461
67382 62517
134984 254267
135428 199519
249186 255640
196667 208165
40698 51401
104911 51364
104968 24582
261482 240960
202145 189969
95819 129945
44664 123848
138309 256439
258068 312
16673 13384
171207 172166
47044 52407
250220 246603
166039 200690
189581 242218
18913 134981
181512 211974
54607 52735
213780 168307
201804 204908
172124 210079
32122 234312
37291 26006
136132 195395
26124 51159
42210 126023
129813 74437
101506 125868
134218 202504
212308 201109
154460 184550
181463 198042
141602 148150
121725 76037
202604 151094
16649 104230
240561 263054
256681 248606
20770 16812
154085 209457
126302 71732
105299 50495
34754 15406
32217 26606
188900 51145
37500 55874
187257 138389
187645 53908
255552 246630
197162 134240
16248 32222
75017 61190
72630 59119
143184 187167
481 255956
168316 161466
138813 196263
208411 148312
67194 58674
61573 76257
218011 72597
33211 35320
27052 22142
172997 179107
245224 240346
217615 221042
209694 154072
55614 143358
71221 220979
134855 12249
13492 132873
64066 57096
206850 169608
143942 194570
128333 68077
154501 156259
243216 241260
209800 188891
65777 75899
20778 14663
37906 40538
211404 181443
214783 136871
59446 69478
125565 69759
243603 258831
223709 54403
15164 32631
8758 12580
194853 199733
10107 34192
167102 184500
12844 137602
167226 177547
98776 50518
143771 55429
15265 228352
187260 250685
244939 257532
104987 51302
148757 203941
22383 107694
259936 254305
213564 214935
24795 8530
212807 161704
137914 189820
154885 182314
212869 142725
188186 251429
24480 18854
132515 121140
169351 172241
133325 187356
125633 59042
189191 187121
41020 112511
311 3680
35948 26482
53682 40887
70295 54172
23355 14552
203246 212455
136499 22639
45683 49703
177174 163680
95707 102547
32636 15779
132676 19994
155631 213689
28181 104676
18457 187371
213964 173730
14059 18780
28028 105289
44722 104065
79179 75571
34395 11239
151265 188960
187244 19542
63714 60471
49208 126690
31684 112921
201421 195491
133329 240340
91053 87329
82447 84524
140797 28743
62545 62223
174154 158336
32448 115104
232308 22452
133676 134637
187789 254872
194910 180465
183295 168438
214155 203855
197028 163805
146552 149193
128002 122497
94634 42009
109653 30482
41729 50262
25169 18173
39551 19457
38458 51845
51911 27433
103994 7401
22752 112594
206640 181846
83746 91237
67241 126114
141538 54588
136617 145341
11932 133569
207543 197539
16772 32174
204717 150415
201850 162922
190299 188014
204356 146324
38345 129654
140988 134959
157071 161818
151547 195041
195380 24469
174451 209975
126238 131639
135437 202346
32170 34973
131324 50871
175198 161292
1576 247197
210776 154044
47461 53411
186626 221537
135194 197859
108815 50522
222645 189702
44201 48766
48186 189854
127948 55233
216512 222686
9298 229590
53499 132079
8465 17625
199414 151879
189532 12805
141747 135266
65260 71855
27189 189898
121093 222308
148246 219023
138626 202924
187128 147730
247965 134339
80978 75269
222180 70553
224900 125419
218895 221850
207888 159316
162204 172109
25264 25199
50937 22983
179418 199824
163560 159795
104422 16215
186865 50552
64700 116454
41722 53002
10081 105575
137661 20182
117823 127642
242320 251988
206230 188844
139497 253352
39903 187508
152780 181659
130207 218628
12821 230336
253340 245847
2248 264064
24520 111972
138600 246428
25653 190850
42086 41409
95902 95591
23170 41254
211827 201819
10608 25152
174663 160230
108816 111815
21253 248869
111078 40404
80423 67954
202962 142540
200055 167654
261819 257064
223627 70015
49129 129313
152776 161868
153318 162597
182773 176569
242638 242287
101561 118389
148214 216257
143493 202620
19329 6867
162332 172536
8512 113534
198713 147392
160972 175779
169690 168522
62845 56919
146092 199895
99075 43318
205084 161919
163492 153785
25803 17027
10703 16069
206872 190026
132631 188870
217644 151942
140996 148843
140375 202626
161625 159114
207004 183353
26859 40588
171304 161391
222778 49206
52101 20634
62971 78960
176604 180702
152105 176482
143143 55250
217702 127635
195389 142821
112455 93947
258647 253241
65348 72627
241915 245069
22035 26544
163735 154649
184804 158928
44621 103866
147716 151595
208375 152207
225507 227254
143854 151961
122582 46961
211121 162168
31858 108694
122989 102634
160862 161282
60883 77549
194922 190306
150497 149702
110829 101776
65920 56996
257199 249952
155346 182976
167709 173644
250116 23591
161052 152679
153116 183550
9482 234577
136509 213862
138086 214367
196136 207530
214790 170838
197387 143349
36731 41985
249923 188824
18048 232819
225927 225020
14831 49283
226025 232212
122357 128979
112257 32126
121946 119559
129150 131788
256669 241522
17575 187259
118264 71592
98179 35625
45164 124761
39490 25637
213569 168699
221810 72874
149258 55697
165903 155622
15041 226992
139112 134830
146173 188851
188714 56043
107938 11990
64642 56831
40250 42349
200052 163563
55537 143703
247600 232647
117462 69011
233636 9785
27108 190294
146300 207825
26627 7047
166545 181635
39452 27139
197486 56595
131860 222341
165924 207532
145283 206191
129250 46860
195440 151753
105836 25392
111534 6819
166741 161723
201203 249970
203517 142638
145389 211309
160142 172140
219447 148623
128913 40351
104414 34810
129256 41649
21635 21231
127645 72158
239894 254712
8274 30378
69354 73026
143571 222761
217005 223375
165671 171998
51042 19925
153278 162714
28611 53540
35806 53892
256020 5658
14728 107374
198131 139158
77292 64366
138837 253990
185874 159276
83657 88121
210102 213508
141121 206687
146117 52819
152533 210695
76910 121411
228277 107924
62642 62139
180539 153358
180467 198874
105231 108533
60093 71035
206020 213621
207854 163003
138152 251684
63178 66029
109668 30627
29068 18362
54672 224062
162641 145520
54688 188458
229064 231877
36609 110231
37343 55955
250806 240193
179134 152823
89079 79330
131360 224508
160100 168758
63224 124164
252505 253288
12359 18624
213874 199257
33636 18573
100959 127756
133396 195712
59582 118274
223333 220429
45594 109128
59593 126553
25451 116318
211912 197231
110685 49386
200306 181702
165312 205603
121027 41531
104039 47604
75679 224844
245366 260984
213000 203465
12151 136426
252762 188001
151667 197249
231317 230075
163807 200911
26824 44166
28753 133992
133661 28704
48301 56416
250647 137078
105380 45568
16902 19230
17437 19810
32700 16250
247422 240706
148787 196692
180 258091
127491 29074
242547 255230
47936 120641
