249482 153270
164016 72923
235543 92316
25826 146817
212107 217590
137140 233264
148966 36809
132872 121916
49902 54715
167530 144759
97236 143312
159811 207140
40692 32605
176057 252913
69413 16806
235240 261793
173281 204739
104908 115537
103169 71347
59205 122961
92860 125919
186621 230441
95031 126972
262137 18280
127139 63426
33808 237363
98935 47015
26997 43117
143449 41324
196694 72619
132494 99198
151060 246260
92184 14103
196626 168548
202108 153628
108175 38830
35793 25897
199298 32981
162794 224250
896 187568
8808 93079
31302 96073
153798 255542
21481 167926
186908 239296
255663 187803
16535 99840
120799 209462
16367 257373
159340 40526
98417 122027
189267 111294
133559 4712
10043 201280
81782 130841
209651 220406
164402 241922
86891 218053
167259 140658
251951 203936
204125 104094
60153 215788
182971 142735
248700 173530
190493 109024
35948 118027
106102 248735
19609 96756
48197 178954
222496 40049
60889 141715
150478 211731
56409 66547
194651 27797
68662 51155
69562 25121
161816 23500
166517 8482
111787 196552
143289 129815
109600 10860
99237 76231
140851 254058
210767 92054
15629 221404
77544 144174
46328 184325
103476 182582
48050 111382
119790 27928
89452 219026
104158 181694
171405 247690
81798 117825
34109 192317
230364 202180
103742 133175
187823 183679
91973 36880
189382 182847
13842 155399
40116 149697
104315 195617
164909 111373
253417 147098
257083 37195
32700 47636
98134 19432
30225 223089
24123 122197
259968 213504
103953 72720
167813 23543
238160 6838
14322 53919
48457 179230
228547 37527
125237 221283
249663 233932
105448 76396
173789 55532
40877 210858
130212 203304
15104 105589
221095 98855
194584 9180
170196 55862
67833 215673
129994 14141
97086 139734
175114 18660
256854 159378
110347 229628
30067 236546
124037 81637
69512 20032
20281 43535
38692 205326
199861 31199
163613 178503
137205 9613
143784 117917
88262 68404
18996 261584
106035 100215
167602 217850
52301 66868
106331 227998
206359 261708
202998 231743
182805 213454
210691 17623
50237 186868
130726 206238
121177 148715
164084 24432
234345 110040
170657 196594
205967 2228
141079 20692
232217 99679
99013 195211
107519 129783
59906 101115
105049 29473
181844 242319
34966 133835
196529 39842
99241 39036
107023 67111
61231 124989
5084 7389
221602 45734
146848 261866
109889 243466
221438 206707
246549 159447
89047 42736
115081 188287
145027 21013
25957 115538
53753 151635
22764 263856
242975 56550
215852 44368
67202 103808
150359 182282
27748 31039
176944 28161
59201 44849
251541 44172
43681 216973
147797 71342
13490 96998
54270 135947
141846 44689
216349 157418
195945 4642
221320 27614
53227 258561
154468 217009
173653 24337
126890 51870
124909 142149
8197 50098
178396 204714
34355 198625
256095 130720
83382 219126
40349 80732
151115 46768
227272 244646
95425 195030
231964 103622
133335 222432
244356 230945
54180 211714
141965 7387
156840 24256
168244 33904
59620 197351
14947 210734
254289 49893
67688 85367
138203 121232
129457 205266
150031 7076
212653 42524
70887 98241
87665 131393
119936 131497
28863 107834
20930 115805
13867 150386
5331 50958
112697 239413
142192 107441
60900 186819
145213 124605
49743 74951
254012 207718
170525 240684
18717 203247
109598 181332
146637 53720
41590 166934
148763 159752
228004 95506
162843 217669
222403 39809
24865 160360
21503 171501
12990 63093
21754 180165
49106 170909
242475 121139
233001 262478
152762 19417
148036 256022
250499 222124
216683 7907
135346 68978
7627 213867
27501 202152
78828 101841
175701 212144
147006 128037
18960 147113
216090 22704
226539 51451
23284 48570
107981 116551
218391 41029
167001 17841
145877 8959
58938 33521
97095 39712
239237 235067
220784 20701
79010 62924
178528 166568
106967 216674
137288 236879
254656 93725
219904 56134
114239 36321
45779 70983
5158 176283
54162 19697
197241 113929
69700 135951
202199 176666
149198 78587
31030 205686
211162 250933
132036 211289
150889 17610
257148 154959
224147 195334
223014 29500
66938 224122
206166 218472
95968 129201
179044 156342
262849 34782
11058 212647
17522 115212
63873 39445
144711 130810
148191 160648
25502 261837
22595 204545
153832 252943
19733 130401
46382 179053
23797 703
115914 111463
144019 59534
242273 143239
8230 126117
39540 174454
169185 128297
243632 199322
214693 38727
3852 234426
33150 29015
107095 240424
182572 160033
149318 40993
14954 241604
61891 47276
194630 9932
5564 135514
111591 225293
184235 133146
111287 263410
142298 259954
249063 178617
249918 46607
23586 125358
121276 96768
139739 41165
229913 190576
118330 21690
162391 221765
37138 199315
67342 221670
61744 123814
196565 219448
114870 52490
198364 17877
18502 254094
26781 164706
185380 38694
187395 252721
260363 18040
12861 204686
223398 88731
89517 68615
141417 96010
234231 135781
47648 137639
49769 67942
179848 51359
237296 11561
20934 114367
229066 48164
152301 143308
181103 41535
109476 133784
205581 101090
259870 184338
215704 99071
231415 40451
42075 203874
50947 120028
206844 35642
133657 165222
2167 243132
190995 31233
158504 222832
34601 96245
9743 252673
204813 51817
154732 134133
44913 95565
116992 217481
212116 43641
47623 140278
162019 135646
187229 105002
39363 102561
261382 199512
257865 134641
53844 173767
151031 64870
16317 198653
203688 102819
153137 147495
41533 15859
18108 220281
73069 209155
160542 13869
2671 253433
157954 187560
12283 71194
150308 184470
73005 112606
262868 228451
131678 73726
4979 196157
94950 101348
153690 132288
35387 1685
225223 47669
164740 22095
134700 109139
125458 218479
59751 44148
235440 112010
113695 55579
117404 48738
182817 17797
134089 230178
54451 67698
138226 55208
132985 56743
187788 23329
130732 142911
86343 71408
136694 120692
22628 106741
234531 41153
145455 108410
159617 14093
228409 251141
8189 101449
188034 261732
106205 99869
24510 229883
137202 129734
247312 164520
179784 54410
1623 201956
199341 153883
42984 138547
13356 254256
110558 95297
215478 42654
24262 239987
71446 57635
250625 255081
103671 157695
45653 113180
261248 212314
79502 147470
53240 62995
234083 38047
117821 75399
209483 245736
27202 120730
67109 41104
165977 187749
31239 231546
197615 59782
13606 247750
61659 42508
23897 140765
190781 172578
12591 212354
181292 43830
126688 63865
214164 35676
141439 3077
144783 228592
207098 71218
128017 212670
55409 243201
218187 45070
19730 219457
244000 233253
197498 32659
258909 133231
92962 200218
11553 43808
102180 93819
190103 159998
144743 107512
43383 149198
29492 96765
89698 53570
51557 164507
206512 129254
252709 156161
230215 48480
185088 188613
136721 261421
93840 224123
106855 117612
246865 35945
194836 151293
113075 244772
260844 261424
7806 196474
258499 142230
224851 151248
95553 25198
142809 58405
113593 188584
47939 111355
70202 91045
173567 159773
29321 23427
111881 242051
126190 53599
199684 54845
17461 247623
16457 36506
27901 253279
196278 176168
54241 154982
241664 159767
4963 236835
34390 46054
190341 33874
202133 185529
125238 73181
31858 217351
149793 185393
3983 247438
197260 21897
108157 67287
32008 198585
70079 149183
166822 18781
139897 17947
166893 147463
210775 1818
119256 106285
199831 218195
70922 97343
36450 141000
216248 111792
2262 28787
147401 178975
64143 49947
125347 10571
41560 115596
242162 106895
217807 48738
3147 254257
252993 48581
256438 148427
108989 179400
116284 45103
254253 8979
32947 128506
34310 37983
59499 37456
91149 48146
51884 233672
264099 25774
154280 256362
43460 251845
24955 247658
13270 174246
22344 39197
239733 113098
12585 125638
200587 247681
141275 131859
139384 43886
51105 224984
34536 43533
46053 132688
33229 42651
176725 254820
255525 136611
40806 113721
63935 187143
2377 200925
18920 248155
111866 116712
27341 221175
249399 208146
197369 250658
14634 192705
64969 83392
143568 88691
1321 196115
50761 244559
168222 141357
35834 234342
91510 125164
101371 195053
238988 5247
230513 202166
149410 83860
117111 222412
109316 179245
45956 72578
199418 108782
122438 79364
39955 223808
38261 220047
187559 153479
48071 142820
164142 243388
143336 156194
164377 189291
27681 99448
33727 213374
236091 252136
151533 264055
133178 204323
249448 171438
60570 97277
11198 241613
159220 217789
196716 59250
205990 224396
221954 38626
175562 208424
26642 226004
26968 150467
73110 162590
20872 147564
203113 180092
138453 245161
209387 26769
249511 55308
9099 188277
122669 72559
73651 126114
215193 11014
106928 132596
246333 198266
20841 162686
257538 51211
123769 220181
116945 87874
260201 169145
126644 18660
175150 143546
194756 54736
146366 54178
10570 204756
108529 189108
135706 225736
54147 14414
185525 51781
176140 13680
254180 48768
102894 48945
171992 181423
95966 102401
219835 45637
33655 180611
195024 9840
104985 50810
99262 6789
99754 52828
236325 230613
244799 207227
27303 225819
142084 15613
212013 136017
88708 150503
53296 165975
24887 221536
216784 124149
228324 115447
240232 263559
144970 220685
96012 50629
177910 163792
100564 104860
23658 41557
121826 18227
246828 238377
247457 7369
126996 227360
149698 21918
161009 254807
38783 77958
243868 15266
96748 68529
176980 238994
76394 120728
103719 119171
111508 196355
216589 190169
181991 241823
144963 231943
230501 4074
22603 49810
88794 217390
243150 257655
14296 168436
123664 29794
102726 143981
250416 174628
185230 138119
127671 102145
44512 169730
95453 198144
51162 6841
223422 122358
247695 236585
50165 184197
44377 202190
55271 93702
112471 240501
231821 39051
141555 75242
208780 35917
9039 259941
181208 170181
65278 219066
125251 111936
95042 131688
113258 150313
126467 55029
39591 202564
233934 248180
167082 242216
44211 254393
216540 139253
25219 8198
216601 214941
150576 57115
194970 217547
1627 227813
106939 140418
77475 143298
18222 194440
235565 56528
238605 187759
195780 222504
52120 220998
45140 15866
250604 110022
243678 49803
190221 102726
32819 40794
97321 29078
251581 106081
7187 131668
147533 138761
144568 176608
252600 40798
132807 256175
148295 244723
8673 120915
48931 65263
185561 196463
185492 254753
168100 21467
206773 244786
21238 132165
36151 217300
187249 184446
104270 59380
129360 162115
145547 113830
157488 148480
59557 78633
202142 256137
56858 82196
17900 184428
115502 112282
95637 51933
33235 199906
111312 209675
15844 39581
216667 63840
142473 109832
14636 143436
53919 134750
24541 71818
118087 100672
174211 233589
70902 107500
112720 122159
145715 246867
104008 241127
28654 229617
255390 202864
262115 2907
164513 147691
137790 257969
135818 97052
136134 97963
20537 240142
74744 150714
196977 249529
41086 225630
13709 32129
98291 56552
206659 7606
230445 241630
23237 130612
188230 224282
42349 226889
122850 137530
11783 143386
176581 149782
197007 10839
85572 63423
216615 27884
112235 256652
146208 159804
262266 210860
136880 120769
147300 211918
30911 94484
186891 254149
244144 202415
184038 149364
70511 95182
204926 251221
130560 150043
111414 243856
102299 253904
147297 80704
160037 51528
98778 74381
224423 19350
165073 130305
46834 95318
239277 29506
245657 35265
61752 140880
178661 160530
215260 252423
252032 238592
136881 130276
91940 39482
29856 113123
7159 205197
20197 223311
203229 7883
197557 72820
14459 27345
107484 214596
157620 199423
24506 205661
21846 54362
54437 29005
58468 52366
181488 2168
209566 221944
173814 224025
174274 142562
12865 254478
107749 148139
190227 229473
22600 56786
110910 204087
104194 208904
30606 40046
49620 85046
233184 208897
108501 208350
90250 151680
29494 125340
37234 133687
69897 210067
21732 94660
48569 189305
121372 161444
10004 140043
54465 42097
10348 256349
44794 227084
145063 137544
207464 249504
18240 256032
174462 202868
226562 25322
197715 154158
85393 41418
242217 204972
10570 48011
201195 108670
153334 149317
39128 244930
9948 169246
217256 57412
84523 219303
6462 230448
112596 95118
142886 10052
92239 38077
96754 131366
112379 209194
25169 127525
49462 144462
18729 212283
222335 22064
205036 38637
205076 249525
220674 104644
94570 195749
128945 236803
158609 147674
108197 205983
110498 170053
122890 62837
250567 126835
231582 189982
121384 83187
46288 203712
53802 175233
176168 212410
99753 28922
213343 35635
205958 71714
19764 247129
103430 165651
147560 135909
38712 201361
110051 13789
122953 200479
22640 54663
104941 34892
90297 46552
162388 132763
176442 143605
29674 14063
27852 155464
103045 117047
226854 26055
102311 55098
251116 198476
140703 247161
189675 185170
187059 221224
23576 219723
174249 20252
105900 240716
197795 169942
216013 207758
133181 159862
15463 261293
134354 161335
41853 54461
196001 175033
214322 42651
26973 246464
13921 252011
244578 170422
21522 43730
103933 28959
253549 231032
110874 143452
228063 127900
135706 53946
173273 212882
72728 21841
255382 157505
128827 137928
257744 232759
230142 23526
206698 219344
109040 211803
147644 107906
220608 57427
248582 185973
134508 142045
242468 6145
110896 241256
51550 159556
228956 41212
132833 157845
92890 253463
148577 162814
108524 255493
196219 162513
2634 181533
151253 135466
13017 235325
24418 110997
37237 16277
102838 93431
240361 105471
73873 127267
240937 148904
224898 167087
178990 110556
34101 101129
176912 196737
43387 194559
137465 191046
6232 237721
107998 144019
180536 210827
187401 164750
108099 199207
264082 186350
