97612 174896
99101 4519
117824 168561
219159 255311
111139 159408
263334 27329
73815 97870
80999 138992
138652 132505
256622 93464
193998 157669
229353 66723
213872 124175
73395 30524
62076 107319
81787 135927
3145 55053
176802 193196
260731 72442
220211 246365
114270 188883
61038 113550
3475 148673
262367 164156
171106 234744
154168 84285
182324 223016
263703 61203
238804 160348
92249 91864
901 190208
121019 162879
178776 102253
224228 119416
235041 64740
63131 106452
59419 154386
263655 151667
208937 61091
172986 9134
61718 3862
170887 60831
239622 176327
240729 87364
232571 212625
237376 88937
259684 35696
224423 8191
99836 253311
65337 206725
57114 142771
198467 237987
124261 227162
119270 201779
89626 190495
254344 84963
156409 80016
228980 170063
157805 132130
255459 214918
251815 68402
31217 211888
104951 238945
172144 94948
122818 260500
139425 97357
192725 207538
118176 186161
135556 113999
160703 65342
65984 110180
215093 83073
57593 181278
162865 191956
191602 160201
170250 15715
57697 230619
258869 79342
92400 157387
6951 82911
116497 177201
158755 118770
233417 81564
111092 86695
30340 257136
231514 178404
114491 166524
198719 257306
217282 232562
192743 18973
100536 241873
3327 47012
69917 234841
225415 257
93317 159025
201893 97960
145876 115294
63393 17491
153292 132207
188374 80418
69288 114760
161771 30327
106364 186096
30583 262937
80774 31386
96550 226649
232944 207058
153559 69954
192346 174037
74776 33856
75405 23067
80609 245106
26668 84276
140342 3693
74344 29555
113588 263491
49942 186095
172326 125346
106105 60492
262977 18020
188518 261735
98547 253995
72744 183813
221892 242104
43214 5930
194655 235672
69395 165718
129786 253959
175729 17169
41181 262181
169672 106005
4180 150646
227450 179908
88730 18333
157606 232963
6880 90329
66092 115010
64565 235389
212943 75287
61158 225747
15386 175798
36008 167371
257386 99299
67916 1816
236077 45570
71467 161403
75322 152651
123694 119081
194368 157754
90795 175587
238293 92925
157935 6939
159589 78586
34219 82192
217737 190944
46499 178272
228756 65737
10545 159321
236625 102554
117534 6497
201970 75471
165057 242697
41080 192722
194333 128169
123167 209980
120 106822
59744 200687
2524 73220
79996 109866
238035 155900
237132 91418
175287 68197
172771 99029
84070 155606
6 121014
14075 79388
225047 202918
176750 37787
237872 115003
88971 9715
125765 155859
147387 118906
62473 106535
85288 109935
65771 152116
31354 260941
5075 116540
234641 90362
226474 200725
274 145032
229317 129300
91281 27501
244131 127975
99840 176959
262822 149023
99806 185759
236732 116474
145082 235741
71876 174233
155814 129317
161287 35122
159245 77801
103907 88393
261133 126342
225894 215856
75631 199313
208629 58497
227769 157573
201862 50592
230018 221896
216046 161223
48161 564
12123 86383
262087 58970
82520 122624
78006 26062
98079 173764
144016 236990
158523 123509
136892 100862
156240 225384
178888 92201
171267 126097
194759 89751
256708 121301
82256 97623
167927 107150
118885 150517
84497 142119
105613 76859
35951 237223
69815 181462
84302 225098
119876 31941
3818 69159
42035 173779
23690 77951
117243 92692
16232 66396
73629 249666
114468 263762
100589 154578
138729 65119
122484 210696
59024 30259
227324 144387
96886 157357
220775 253848
238438 36047
158189 729
141421 263887
86622 246
36292 242722
43525 176584
171014 12627
89325 178540
86215 92390
204797 236093
249864 116555
107981 117306
89052 94540
235622 71149
115566 236861
105934 76136
225804 128309
154416 260335
199458 84904
257958 176700
63687 226947
203502 81136
181795 117977
116906 254539
235829 166200
67375 234196
58047 42107
219326 261015
77805 242467
31570 77966
140676 226488
191598 247943
82008 241611
44582 90723
81261 93074
85453 230146
226815 162460
203837 262959
97148 235406
4215 153448
4495 144891
86467 190676
231494 89114
123429 154965
127916 243245
255395 91875
100228 159528
149113 192723
60394 208720
259237 157366
243421 59167
214297 66688
192906 241523
37317 157861
261050 113778
213102 87750
229290 181198
214576 85759
126191 240150
188954 82888
82669 208677
146278 238679
59235 20800
71451 5606
245755 177243
193834 240534
82175 97822
93989 168357
252412 73565
64001 235186
16365 62112
106929 62310
79418 243354
80053 138673
5033 216609
106133 185692
117746 185550
16868 64909
197197 192663
262988 82854
57551 252334
177432 219253
152117 101082
118443 260534
192638 128835
10598 63010
258900 120321
161799 62117
106518 477
109542 260405
178010 90935
90058 183214
86543 6960
84345 6274
2333 129856
171053 115091
119446 15099
58196 187708
239848 148253
169831 101515
235936 121002
188237 58132
78632 115120
73293 226233
172127 132036
177802 119817
105708 217158
225177 129745
57461 169274
95407 261121
108981 3187
192066 246265
87581 258406
261091 86004
169196 110437
20300 74604
192336 90101
10789 78826
164829 80019
88800 12349
105444 238981
140243 80079
191635 182992
172538 15398
156080 72286
210336 192150
47429 118505
67145 152872
156396 26244
87711 32292
133825 77435
263675 124369
260427 193386
262329 48770
86836 14872
208959 86586
120560 180407
3352 178612
107655 90271
90321 100207
153579 5205
85340 237212
214733 91221
31212 118108
92083 68834
71208 182403
232296 211933
5999 197168
84769 104535
161655 58558
235049 158597
247756 101671
28885 257746
79330 102928
153133 233478
209120 236826
116796 198677
167540 32063
104777 123
241228 89069
172221 100098
193020 89915
144883 193402
72531 225447
100525 177307
225569 88552
91878 175724
63703 249751
60120 155169
84336 262239
212768 102692
192606 194529
25207 73142
129589 258074
259474 221467
232707 72659
89135 32063
121319 257991
242587 160490
209159 61628
102665 165923
57716 232253
159650 116099
252013 77418
46526 194085
41440 166239
58028 252409
153985 47464
191855 112544
56464 262791
59124 254037
204707 239682
238910 196131
184193 238577
193283 137087
163094 88003
149703 257774
4050 143144
229566 147385
227342 218193
223815 231391
160246 263526
175801 77634
239147 113361
131139 246584
232942 170397
133895 74419
155799 16174
163697 237597
244396 91732
72804 259803
162450 228602
260662 184664
81173 108289
3105 61222
606 123736
91906 15863
146759 82940
152352 9401
120387 184089
133228 78610
239491 91454
13270 65141
229092 177625
79083 156844
132789 90225
181679 237468
8179 87381
171934 192454
87084 234119
141921 83911
164079 193337
65877 264149
164574 74055
65419 168773
159870 77620
174597 5477
68536 243467
123400 184016
252587 74063
42733 213027
244113 178571
66012 169034
235852 144905
57924 175307
35273 181324
93259 204743
116153 220098
247566 65954
58021 133792
162929 115945
96178 1894
206636 255185
158311 99700
2905 73373
118707 40330
159091 116588
87152 5910
185233 96919
158107 74372
41539 81810
73814 111786
1696 62407
79566 209789
262982 183585
169564 103431
73320 225611
121967 240981
153623 123663
79940 233474
178610 68366
2077 57085
41295 156195
178961 227751
3296 170307
167438 67453
228237 116981
225937 79979
163272 228692
76555 212234
87020 40446
96647 89715
167037 121976
28825 114291
212637 88275
138607 85092
112694 77973
100924 184
252037 191230
100972 163640
172207 113245
65517 139283
236807 91797
2681 191115
104446 65348
89315 96850
42014 256974
72673 113887
259267 42810
168191 30637
221751 239051
77288 260129
172486 229858
75626 2987
176693 70546
236217 59509
174783 230905
233999 166276
233479 68792
176995 227050
250993 85423
6175 197835
158802 233940
86239 5710
126845 118628
81331 5008
154279 110276
112208 75264
248273 98854
70327 154231
180136 117298
162364 33967
172946 194058
163534 69834
148833 1108
87128 52559
113318 3996
169036 30148
84734 257424
29471 89898
35097 173279
76786 205026
236562 180710
239613 121048
181818 125651
236863 94045
124192 240609
102308 153263
70645 235319
151682 228289
89593 199679
76884 149555
57666 93882
157390 90262
239503 171717
226503 143106
79111 190221
80617 96436
60379 258671
226873 213227
231375 69797
200700 87950
163678 93743
64369 255960
245283 71495
251700 88696
261234 67970
185132 91652
99178 245510
257646 78889
206201 88654
49017 6223
96004 214986
183153 80049
218929 243296
234320 177432
235465 82822
29986 73878
29928 86811
217043 5477
1580 171625
57868 93290
6376 44886
110663 6301
54503 257930
135842 57739
6300 73356
251410 223684
85844 163538
161775 235277
71234 15187
106610 75010
111236 259298
171070 234523
4922 62688
109185 157949
154912 258284
57140 211721
205745 61571
205253 115890
248140 89758
57066 155146
108421 177461
102520 257832
191033 165607
88849 231692
153818 69344
45715 193943
72384 158215
24968 62327
254919 175825
143170 4991
150213 97790
85751 159974
34663 154259
251006 64755
45192 156554
202969 78874
252559 87630
238847 65113
126108 2728
170179 24643
110798 89194
210218 79080
260003 108876
236330 127526
85778 175163
73404 242074
102583 178975
2869 50645
167617 91226
131628 4063
94129 166867
105660 151087
102757 57352
194516 135109
247920 128810
119970 260399
107261 166686
29047 238889
169088 191196
11834 57336
42392 118618
208565 95797
59207 179418
166885 84390
185977 71627
8894 86328
106133 144526
263732 36937
234547 88295
6170 29407
3366 173054
73527 5348
83162 8011
6249 35998
148006 231973
197184 96027
252250 86478
227218 73122
82943 247553
182205 228735
238474 41857
128334 162424
82695 49718
122839 243592
229010 206080
78534 253739
8625 5777
246279 192741
18995 112
98273 245124
238075 107484
154078 95988
116187 220514
96789 242944
91147 179039
71398 225204
118334 159782
105549 244682
95571 172929
170308 256748
171216 41913
236920 180843
159664 78122
116134 55659
110183 57112
21601 83284
149247 260701
73493 211333
187444 87917
35691 244938
158739 78016
39573 257037
263192 130632
146296 259842
83488 245242
127742 237034
229724 72643
9252 60554
218456 178067
94860 87241
191976 61577
170439 1594
22370 62723
201996 72057
112137 171898
166343 118216
5505 111947
67462 227028
243664 72230
255140 140743
94363 196973
58605 198964
79535 251201
85671 39062
9869 67208
87067 242012
3603 167538
25668 258742
236763 48883
238211 179273
246480 62094
8243 172432
5385 69009
263908 72828
87071 184267
183072 69204
176522 43056
252837 59428
79713 260058
32111 213295
125958 165949
225958 224921
73747 24430
96658 160817
170910 92017
159460 224953
83291 245689
68899 245521
226690 101009
194470 88302
5943 132006
259112 212860
257290 94894
246451 92706
94485 248335
231781 119124
219163 247404
259173 100659
258808 166596
58211 179752
85338 255112
165642 43290
64156 139734
83112 122366
118396 16079
177492 18310
199452 116186
29711 73160
197252 262816
77805 178563
195602 255296
260128 72476
221345 230662
66006 154817
656 90338
175328 93622
226754 156656
138883 84045
8245 78895
1241 124189
210263 96259
78018 230517
62574 92602
241418 85275
236012 40983
238869 210249
82735 102951
31716 170584
244742 96213
192471 171699
60282 106814
81264 98060
36174 177285
258879 204870
259073 77267
213077 226038
104571 3012
164327 109232
175510 121204
261726 209459
61823 180382
18893 73809
205330 83228
98998 214858
213082 262006
182119 35849
93390 179498
245308 219600
144765 79633
67934 256567
63624 205472
42445 262215
71867 7724
219309 116084
26233 237120
68720 165873
102344 222524
262335 154291
69284 177146
84825 98057
220428 153544
263929 100679
83829 165961
237532 54477
147252 263433
97268 182364
260819 125492
216346 256985
236363 181171
67698 232696
250885 63701
84144 4266
231206 163338
210053 73518
140085 193014
62306 187359
131309 236114
91736 249344
29625 78275
225072 150934
93668 183823
264032 158411
87078 11607
260927 198732
88218 256798
236330 181886
176274 106294
246424 72777
81952 195725
6242 200749
161347 101816
237848 125686
248961 78857
59337 260202
233198 175994
3677 120833
107111 183288
5427 93324
5772 26128
116294 243619
123202 119064
71211 155309
75052 201077
74880 229348
152406 57273
102456 63835
148382 236922
128721 157767
13950 81150
63839 198615
262449 144769
1035 16156
78466 145006
110505 239101
101666 1468
262356 99768
72701 181378
101128 241782
221134 6840
144833 226214
81919 236084
36699 261098
264046 213978
108413 89542
34306 78001
70071 179480
239487 215903
200237 68172
262405 167533
158625 107394
60585 209716
4608 122836
171895 40691
44193 160617
211977 119788
243240 131578
89609 243421
83021 194515
237524 208859
904 80626
168386 82101
186132 31099
150886 237767
38926 176976
124113 241737
137855 73265
3433 195260
228644 67593
74795 132683
149693 260926
156292 31432
30616 213573
233249 170268
102320 154096
85688 263159
260888 188159
90583 27158
200641 84927
159394 6284
243900 128296
176551 193224
33963 155736
46485 231224
242853 208438
195506 257600
78180 179417
185867 237573
185700 228676
103796 162307
175703 40585
79393 257973
194054 220909
262973 112456
81358 39294
78288 257060
210179 191065
182678 230436
37790 175642
72811 228062
226875 167935
193041 23828
74807 174629
85924 240171
115042 215522
242053 192756
89964 259193
170540 111094
181260 193973
240743 66093
233054 175457
75260 135004
62593 2035
58237 172082
108777 2288
30199 87820
155131 42310
248099 126156
57868 237412
94949 225579
61490 214061
64704 154944
4014 35681
94547 252434
93653 64894
253755 78860
82448 240691
92242 5798
211594 93086
153637 238081
125678 168929
