610681 610883
246235 261035
347081 347503
660668 660114
686774 687933
638346 640645
577342 571179
88530 88006
839876 833190
611563 612510
601916 601839
59206 72471
773365 787545
704235 704757
1701 16199
644743 647222
783933 796954
807017 800419
315095 312419
372980 366040
457235 457183
777206 781972
96767 97632
348981 349675
577475 573276
1067918 1070045
762895 753250
565019 587082
764638 311902
626688 627330
817753 818239
246816 245529
209698 210481
429556 459025
769315 773492
916472 917347
181405 299261
443884 443616
475103 481261
243135 241463
216334 211325
570935 592960
572323 570363
161403 161518
437154 437036
106285 90579
914808 915129
602775 603072
241698 226246
728871 731860
968280 969287
1001865 1001964
678253 679471
219516 217687
584192 584606
114789 101779
985600 985461
513599 507674
92407 90522
713705 713105
35482 37598
603873 604246
259877 251402
527977 489723
490551 490274
930018 931266
465370 470299
645146 656082
351801 347255
584016 581841
472679 472555
74106 74788
814278 812256
548848 524301
571467 572042
819752 820069
680566 694138
815521 816639
899745 898371
219468 219365
132670 132468
818663 818868
828355 806507
278501 278477
665707 665515
892612 891581
873875 869623
93122 112954
1005470 1013533
445432 448795
964961 966598
653927 651101
956495 956834
484249 483592
795780 795887
509072 507771
849390 849036
830515 787725
576274 576410
778860 778449
790208 789548
16772 9754
456741 455685
828468 791390
369203 363547
308526 307159
896913 896633
97384 96189
517838 513481
344958 346095
584504 585247
801339 798108
850326 850083
825651 814210
299356 300288
778907 783190
257426 257690
887830 888189
45673 46253
385457 390317
582963 568247
103488 101881
151357 148024
800633 825900
300521 300976
600573 600926
568882 588169
668351 663917
346191 354025
110013 110207
111265 110940
727129 727325
230314 174741
101288 93903
573383 572044
816761 817280
721022 721087
754529 754636
83006 83952
300454 300633
419894 420081
259597 246872
336549 337523
164587 164510
257132 257553
152217 151289
98460 98680
844945 844812
592803 583931
609603 624083
343088 344897
161493 161256
793737 793418
102976 102537
1025190 1024301
672554 673204
777454 777683
1060487 1060275
957970 957972
385617 386298
909235 909326
367380 341019
190027 190063
592063 565171
679244 678224
144217 133651
109328 121242
14318 13431
347112 354490
920302 940372
1003568 1003481
739205 736221
638042 638663
819553 818355
37686 37836
572488 574216
346942 347089
378293 378260
626480 599929
103443 104967
733249 716639
272519 269776
608211 608553
232627 232717
545827 539148
767717 770506
671702 671762
612557 613000
256908 259277
819022 809860
139528 146955
759093 755892
568340 565789
872296 872625
789498 830615
631836 630493
674948 678033
147554 140359
654225 655025
727204 723421
588430 588979
259705 245867
1017507 1015768
817372 816877
95480 95057
442346 430863
72498 72494
798745 793972
205793 205811
344779 345971
1015342 1015541
717696 733452
78118 77989
630733 630914
390297 383705
628384 628372
385866 385602
111804 110334
600146 600199
817100 822434
717720 758196
930636 931101
781115 781918
573111 574050
550944 427385
737722 730113
801702 800338
822345 817398
895774 895418
581808 584335
242005 237247
223671 223371
950194 946052
221364 239175
941180 932725
118654 92991
334088 334159
462222 455497
556218 556095
137295 137112
1064622 1059384
800009 800164
825055 825122
383571 385290
214050 217788
185490 185367
753721 754072
122078 120640
232632 234402
343211 343273
458027 458124
603788 627452
695175 675646
614780 613873
698845 665485
992133 992506
621953 622887
603903 623508
213002 212931
582601 580193
610272 610591
118653 92334
206298 210622
4499 4185
486056 486218
796473 799448
652522 651011
721063 720385
12164 13860
898799 898989
836822 838432
114126 75110
698512 700353
867777 871736
683461 683555
112715 87820
210117 209968
942027 934901
464330 454351
930259 929955
623980 625153
616773 616563
34733 27230
402364 401142
573470 574082
811929 812086
826639 794682
578192 624015
577452 573324
85248 85269
223920 224049
862488 862459
224112 224086
948034 958520
701044 666617
218309 230473
212994 227498
816640 816908
793901 793724
825348 824059
727052 734873
757888 756696
897042 905527
133107 141425
307738 308045
446802 447401
890291 896522
14112 14607
73972 120213
860227 846859
582316 576068
725361 731475
944535 949490
99180 99302
87975 107453
1006500 1006253
574409 574147
376593 376489
111453 112016
1064286 1061040
222625 223846
212554 216051
994098 994737
24850 23699
395043 395681
713454 713321
603653 600469
664261 668349
154530 154392
612954 612574
828404 802849
950555 674439
633891 634016
646470 650958
151122 151103
626277 594779
41950 42138
599028 600524
437433 435208
25610 23543
232248 232161
423172 417656
883406 882862
540832 540474
846676 846091
422238 416031
837445 858337
793306 791815
881878 886332
229314 229449
334222 334141
726553 726758
93913 103441
1050532 1053111
256875 257482
698892 666944
472045 471268
608566 624116
592266 591920
253308 253364
957536 948354
648466 648449
1051005 1051153
616982 622618
51547 69384
601765 603345
79416 119662
106649 103784
823670 821809
928391 929583
592303 582253
606069 606943
782434 783391
206004 407202
81426 81140
457598 458629
820222 822862
542335 545988
387568 388034
17597 8095
102157 102406
598513 632138
580401 580548
470674 469714
471091 471769
89881 89052
735518 719389
663833 664236
240977 240990
511037 510734
882953 883474
937685 937584
872870 874750
724284 734313
181117 180993
438789 444843
1061338 1061655
600830 600862
790216 827443
349753 351299
468169 468510
574286 577249
131801 138658
621822 622051
340488 336415
802141 792075
693011 692054
674378 950583
801590 801687
799828 807000
692892 688799
311802 306909
615376 615904
992031 992035
133672 147140
415783 426180
450147 447713
935613 935237
70616 51611
577606 578853
932248 933385
257172 259601
829078 826282
812475 812324
128090 125447
946816 945920
726457 726498
473674 474304
112571 106858
940501 940535
781995 781961
591942 589651
681456 681572
355075 354583
336464 336488
174336 178231
782047 782562
823648 820742
935824 935464
256885 256707
552817 552524
553901 539322
369074 369101
104137 113340
542696 541818
344939 342695
94136 95476
703799 703876
782945 782460
652391 650785
856880 856449
611310 610930
818308 818245
797595 830104
676305 950591
217197 216803
760868 753537
927645 931200
45765 65567
383715 383703
344900 344939
640656 641173
387085 387306
755672 752718
214240 217624
815921 816882
920602 928824
253625 256515
736700 727836
952356 952988
280616 280003
779385 785129
256864 253606
877226 877143
144802 144688
53675 53593
508965 517978
720987 733803
590938 566722
391555 395907
795123 799180
802144 812073
362178 368995
630015 594783
95977 95307
471879 474088
627303 606366
32638 32125
256280 255564
664278 668255
132565 132492
610338 610832
226562 239015
221027 221237
888135 889430
936675 936866
140749 140642
704273 703960
583344 115459
602269 602339
838014 837316
73176 79773
120311 117237
473341 481683
838723 838911
277966 276886
587142 587091
706910 712290
615478 615487
820843 818488
1002788 1002626
566685 583112
96616 95264
823029 821664
155751 154709
613545 605098
838449 858896
980448 981483
699556 699724
506661 507093
50206 50493
857636 837239
997109 997241
348769 347594
221693 221862
945331 945518
1003526 1010434
582879 587389
776277 786189
671771 671836
564374 556482
320208 318921
412088 413070
697980 684691
98796 97866
51550 51968
958097 946764
606433 608248
220037 218701
578347 578895
13336 14097
600897 627969
927699 941310
867013 866282
229790 230296
992226 992991
218460 216486
257748 257348
816458 822464
589189 106517
244215 241851
14627 14932
336749 336898
374231 329963
195451 195352
567618 605404
478776 468866
731471 719979
580909 568211
794550 793295
224478 242461
151368 151211
219464 219396
660180 657843
803216 826926
754495 754178
260510 260501
213980 213010
939441 939448
704866 705486
189853 187788
822900 821573
815121 830475
814588 816486
297477 294750
863648 664140
797467 797157
919337 909645
152925 153240
728039 727832
574506 573642
431133 431657
740696 740786
757392 757648
88343 99861
1070093 1065844
621933 622162
217493 217047
699381 675007
36001 31385
815073 817581
790919 801220
754800 757716
95822 95738
236184 236282
586557 585743
570129 570040
591952 106538
958590 958290
678353 678183
796177 798718
1010450 988806
818112 818420
819466 817965
224177 223213
622759 622942
829164 804038
805403 827425
777703 777761
588489 590380
378273 379600
842720 860369
503807 503875
675528 675390
634071 632966
342528 343678
1024450 1024606
141782 141426
238809 234784
557670 555645
772511 770185
342091 358147
121160 76974
798285 826692
677912 679625
768949 768962
447932 447304
816504 815359
341931 352670
693708 693711
350809 349551
224941 238711
739215 736342
723383 723493
315781 308858
752871 755923
727814 735151
399113 399426
692331 682334
705561 709760
568289 569106
422135 408383
230598 228984
727335 712896
991888 993148
444500 463209
629675 626402
553701 539317
782396 781688
813858 826074
650716 654602
216026 216639
938638 938117
170788 170706
29649 41131
485397 484220
761622 760771
354015 347795
610343 609126
629713 600909
571777 592077
60982 62087
583419 583793
673956 679709
957475 957987
92018 117273
875248 878744
620953 619690
96913 98966
134457 147292
368799 370539
1061021 1061299
335498 332347
259310 257107
873135 872326
618010 619567
96285 100239
770815 773367
102456 102508
1049884 1050895
790891 791153
750073 749997
508727 510991
353374 353507
909086 909605
1007477 1007609
716240 717292
818449 820808
850193 850390
272861 269952
886916 265570
512969 513857
625168 576994
587807 588022
602959 604177
89885 116707
713334 713346
731297 728181
137632 137481
802646 802500
542502 526949
838219 838213
261314 252040
159682 165857
68377 52796
807654 830501
647220 645111
541361 541603
781627 784929
531149 531430
692579 672766
339997 344824
42206 42091
128972 128713
105190 105436
771150 772839
158748 158712
75128 74958
106185 106612
394785 400284
376580 376590
477514 471830
944551 948884
396587 400416
578580 578350
663851 671932
723314 722688
1055680 1057514
509079 515519
710135 704063
542301 542715
545947 539128
217080 216788
230530 229029
13319 11646
234214 234153
778309 778366
40738 30786
922594 130038
585550 586564
577632 577922
815683 815731
782387 783329
1002760 1002941
847116 850181
2630 2689
221455 220795
340196 344438
772509 770518
569879 569471
980961 977765
652929 653125
447006 447154
760611 750051
557752 555757
461579 456458
527099 518470
899982 899594
814373 815899
81961 118629
313426 305059
539772 539514
63003 63085
728645 731771
96598 96188
589835 587307
895480 905110
807961 807455
89706 75159
354136 353767
572531 572987
513421 506963
232649 234320
677353 952936
828798 789991
601926 601734
571190 570562
78478 121761
905174 905959
829451 802228
383921 389937
219935 219653
726835 727010
11714 11212
806515 806470
219407 219080
731872 728492
767803 767828
87090 87730
615374 616142
618163 619544
863361 837913
99207 98872
45700 46254
556971 557902
90730 93016
682808 682916
933120 933091
762030 753349
614629 614642
337583 335757
676617 691764
826879 811965
792714 793107
789796 802349
534265 518496
717131 717239
999674 999069
602840 603840
992718 992219
1042221 1042059
821113 820005
910894 911224
926307 928247
586953 589576
148824 164872
770916 770989
697984 698359
567981 575727
820102 820244
985913 986038
99862 92139
937450 936441
897446 889725
900268 900344
845528 842103
545847 538994
363428 333929
650221 650643
138953 138239
241886 244493
38523 38200
1003112 1003622
926355 926886
233428 233793
597704 620226
337531 354477
774666 315303
869036 869213
817460 820165
705594 710295
319864 319549
717597 719552
654821 653643
610770 611338
488619 488397
1000672 1001819
18157 9132
431040 430948
957154 958806
604151 626627
957570 957545
540256 541195
272537 272835
308970 309290
609674 610772
485102 484866
130185 922442
847442 858496
348221 346952
570269 572018
800074 798907
799582 800206
542641 542018
615278 615951
432305 432330
572725 574475
676323 676787
214587 229226
370357 353303
725620 725307
507751 507634
707223 707545
565140 565578
651138 650982
616981 614571
1055782 1055654
622759 622666
255508 255438
601439 630613
318538 317051
796966 797258
471273 471946
63296 55949
1051082 1051239
808502 809204
777568 783957
336269 342613
424220 413180
790872 791999
737164 716653
112089 110529
791978 791839
430013 441605
778217 786503
303774 300409
804665 804292
513885 513684
537819 538153
678738 676199
233419 233321
767814 765408
784378 783594
1008923 997534
307727 307410
165558 160685
330687 334530
807302 800581
87280 112788
58940 58778
576186 577496
102409 101960
252887 253236
95987 88093
340732 340424
570404 572359
432739 432705
627465 603884
830412 828100
339780 340473
58269 59539
742274 742998
577888 578048
826870 814384
11625 11765
677717 693512
219561 219097
347693 348431
999772 1001055
100177 100297
105021 105205
737697 714746
355338 353349
732774 728505
512132 512183
791459 791494
120227 117184
1003606 1003841
598600 632015
100919 97335
219585 220471
669296 672196
1032036 1036894
1005531 1004179
446532 446127
152798 165528
543634 530931
474159 471868
108080 75901
53801 52796
76318 75875
105755 105674
1003018 1003279
569498 567191
669325 670280
618121 617992
600823 600694
774265 774614
930139 929994
997287 1003056
999205 999560
824057 823714
225881 225667
835846 857636
94126 77171
91649 92273
239643 239673
50844 50819
942647 928781
633993 634162
741969 741974
434783 464704
884775 888494
130358 942036
609668 609717
371248 354385
716267 715798
185465 185270
281387 281220
996606 995751
336420 337307
506914 507068
254500 254354
507902 515225
184677 190191
44205 44296
682538 698725
588500 587286
327844 325477
651831 650481
56185 63283
93382 92639
939687 146769
77962 112099
349551 350663
622207 619059
859694 841235
121275 109927
156739 159288
445838 446028
