695321 668328
598925 604165
222466 223288
89553 583710
686102 697408
699942 681717
308830 306332
699709 672585
699222 681954
548192 541289
398569 391489
779438 782853
605654 601006
814242 811095
193505 199759
566660 609041
801344 811432
96062 77572
747418 713096
785455 778437
98280 94027
28559 28281
346945 338232
662889 691566
796324 798238
807146 827510
346398 337396
59345 60227
599721 606917
110705 95018
45982 55440
240828 234482
584170 90241
578857 591328
712965 739381
907276 907097
295398 318346
576540 608771
57232 68389
84054 95761
615404 622099
1050318 1050114
954582 957906
700049 679377
799324 811526
351244 347369
468946 471083
819319 815517
121336 116266
594607 568355
234777 245038
623013 613764
674749 672904
598687 602574
890291 895658
75489 85715
242497 222400
788376 829903
951712 950543
516684 515120
676089 679108
987253 1008894
557983 561359
762164 714607
561562 557984
346438 354691
32422 35528
445284 451257
521114 553048
801803 794651
945124 676206
925508 511083
937613 935847
758121 715102
687341 682831
900484 899169
72717 98709
232542 221688
951121 945090
925457 145117
985874 996651
1013828 1007585
553935 549694
76536 110043
961142 413220
708480 703777
311500 306962
78005 86102
608659 614506
395221 392564
828041 806478
355598 339910
501492 500596
690679 689778
630168 600773
592675 583056
571343 574627
170752 175648
155971 154127
801988 794079
716731 725169
91461 88365
131190 139129
360639 365800
802264 783522
503736 514434
870183 869472
225470 232352
651658 652765
37745 36305
823731 817232
568630 572834
130283 922150
339134 375136
578856 566057
86406 90266
568637 566676
34691 30337
333235 346229
438536 446113
412302 414617
932133 933073
115044 117787
763307 762477
257552 258374
568597 565599
128279 128961
576760 611247
588919 573357
603032 611779
625136 566229
730349 715925
274726 274655
808963 801698
673234 683298
595817 619304
933597 920659
89033 583251
539031 537785
428684 185204
627780 622007
711058 707005
9421 21451
152241 157707
94675 732716
108164 732718
919917 923805
113039 83005
266959 262520
536707 547791
353115 356931
344530 346568
718955 719290
347283 356410
111167 731873
362179 361968
604056 602904
850139 857431
364481 367091
673217 697746
75405 75308
595043 592982
117874 78649
1024931 1025505
122066 109565
583662 568875
941347 935628
132077 134721
108587 112401
70192 67138
337724 349520
790289 791842
19527 5332
74142 75557
634361 633069
239736 225334
604518 632030
951480 676396
518671 518481
513275 507357
31126 35717
606932 629010
389639 901695
834441 856876
859567 843292
109236 732805
367316 366654
258567 253179
195044 195264
897318 898125
580810 593142
453958 446601
603682 608533
110498 95490
712502 697588
682156 676996
537325 542126
617930 597878
567403 610318
811399 817550
606081 600919
605461 565522
240086 226593
468644 473027
92560 122975
381723 385114
807863 812451
230788 211103
591416 582682
869603 880368
449078 447573
333847 856597
626884 626979
776112 784897
570874 629153
894018 898242
368548 861333
566358 587823
343785 354317
123365 104162
264845 263498
95534 95631
722899 722389
941670 934123
732457 718622
824286 820611
368891 358241
174762 233797
246608 245301
676779 676500
437292 453518
159234 165717
954601 950032
262449 262103
682604 700046
816992 812444
616882 576961
799612 810389
796703 827687
694646 668652
532402 544446
86476 97710
345403 332817
878273 879187
949097 670242
118880 87015
86828 84383
105986 583902
447609 453471
471419 475254
818689 813824
506688 509265
218663 214584
88347 92241
886731 886406
850414 860748
801981 826176
762358 753921
787089 785430
309718 306484
739165 715684
455687 446805
408807 529784
162389 163324
781656 776170
458072 447690
103762 574758
112837 72916
746723 742706
207802 280247
582744 566577
297622 294359
470907 470845
555616 557020
668434 670657
590567 571846
526816 427618
681742 673121
813353 817754
958220 947153
769540 770324
114144 85940
839534 858317
572552 567971
663676 671487
354044 353366
347274 340878
223671 217388
354043 365029
575781 607073
90973 92336
626387 608693
628519 607204
248304 248186
64751 66300
735248 730890
804539 799985
789900 792988
310505 305676
637469 637250
944555 946010
950230 958453
361667 360353
816055 814022
702307 682583
93907 81322
683905 684114
820454 808528
510223 504961
54734 54187
682357 679579
714575 715534
763847 752533
88721 110710
791900 789141
606179 607684
289855 26738
999524 1000718
680280 675097
217877 224032
592065 578516
632257 596104
324018 321934
82021 112652
863241 857731
1000653 1000041
306048 308964
530261 531715
712436 705826
371819 332607
235531 225033
235925 241733
584213 123158
156195 155107
21345 8487
367553 355962
733178 734107
609944 596258
631006 566144
817793 810617
257982 256574
814752 820389
738146 722938
620853 596549
575396 578010
618021 621231
613891 626796
792746 795272
361188 357615
850543 846105
801593 797829
451178 441983
674891 951426
52173 67010
349506 809728
158467 159270
616660 629855
332381 768847
337483 365625
343293 350360
804927 805308
678264 674126
814632 807611
1049002 1053575
250671 256864
952088 958716
604137 606651
436228 433542
133282 144471
821133 816172
84034 82673
639785 241045
809416 813904
565410 595104
570388 589750
692593 687230
75254 114322
461526 431133
805573 795856
567961 627344
27436 34633
732098 109840
953410 950382
91927 113769
925221 132601
201197 200553
695321 664293
780796 786209
676187 692638
363615 334638
665876 663995
627159 614352
529361 528049
929679 932825
626217 612512
879158 877038
584867 586897
945209 674258
717965 716373
500290 499677
10994 10100
907945 915624
407968 967922
237985 238480
1022261 1022437
95012 96716
756564 715662
986852 998032
684254 697659
904006 896629
945117 695379
628384 602470
81032 80138
455451 456689
518319 502903
77148 95115
812359 811724
343447 352144
116246 92778
1009973 998162
684278 678187
73920 79696
617842 596323
808064 821139
62951 55559
115044 112316
841983 841331
36063 38462
671833 678469
1029526 1021925
178574 188300
837199 861486
577082 575367
106178 590373
624873 569921
342302 365283
716604 757348
523735 528582
808946 827791
517916 507638
902258 896426
680503 678366
109359 97814
112865 81377
117455 103965
248563 245356
234965 224843
578810 583146
608685 600610
1002542 999227
784768 775531
800663 805328
102495 590267
337034 373034
798965 793014
612632 609763
794295 807165
704183 711731
511191 504404
339783 347056
510050 928468
896259 897625
114303 124080
525068 553075
111017 727498
512057 928803
743162 747381
650187 651379
663750 667574
800382 795757
581991 587187
556305 556904
688791 689337
214734 232818
807806 799379
815173 830724
780444 785941
156355 153134
599762 617621
678947 687432
845453 842994
933089 933532
109769 83349
699237 696296
954358 955693
608695 626969
629780 614063
216130 220200
800288 788737
891281 904913
805268 792366
618319 593742
605820 604007
33520 27123
569374 572773
109043 738472
615386 607970
344614 771997
380759 389874
485330 491111
212285 217670
696611 688707
888189 237324
733552 758354
759306 764262
573301 590782
231563 223489
796820 809381
949441 669272
591981 89634
744240 744837
677952 951431
591747 89827
561626 561931
716906 737002
739149 725745
783857 336006
372358 339717
118450 116231
719789 734530
350963 354597
963865 963895
708479 703848
960095 946803
801525 790692
590130 568691
686253 960053
591840 585446
911950 649835
593520 626981
109058 111980
314908 766821
840996 837610
105531 571777
928493 927727
392956 394455
342496 345765
231728 235661
583911 115993
790334 805493
687287 682442
570439 584920
75267 86747
568354 594992
37815 37084
402697 467235
101594 116093
604797 631848
460883 461846
606786 606459
728378 106887
575314 578294
706387 668039
790028 788462
709607 697093
352934 347365
572753 610215
597426 619760
345792 372120
65863 62898
576182 574389
580417 565861
681828 951879
111834 74338
223058 220078
941600 935169
217969 219570
821708 823193
805436 796741
119775 116719
220291 221903
830050 789991
645164 647268
100443 95286
790805 803979
491710 485200
86239 73127
787721 783629
530673 529443
624961 615530
372451 340259
608429 600520
584764 588860
84732 100100
508425 513409
673456 669521
575180 577822
349027 339805
732163 753975
251749 256999
108772 92152
113393 76185
628295 619522
722632 720428
595462 617469
582457 571427
531802 546031
591185 591965
16360 19449
575653 609663
410519 409798
967864 964429
622728 611857
94926 87036
734151 725367
112485 88138
679118 952196
339585 335971
75219 96905
607003 600345
517201 517119
313452 308403
93498 96911
414468 419869
608817 629862
79380 116660
229430 213329
726687 733987
101466 90124
571480 586012
131008 923026
606747 610869
688519 684867
929349 942220
137160 939168
809104 794874
48326 46086
615879 577640
341467 772384
685335 702532
697271 681136
343391 349804
701862 677083
843036 838343
898220 897145
102721 115177
898097 896871
121569 82882
510339 929021
144947 145897
616351 567487
761381 762869
224664 222575
715390 739011
691584 696288
791280 830659
615288 609830
104469 116900
570003 573989
234174 218751
818329 816091
681380 673890
280643 280542
173989 174496
1055289 1057814
731504 722424
616535 601701
776649 785128
30811 35845
888038 889544
111814 120184
586572 92872
537474 553160
796688 808102
349583 343062
570750 568643
565483 568108
571215 608275
333983 363477
592251 585838
684365 680599
675372 700462
624782 616736
444495 453385
579120 567268
223936 211046
959758 949963
57679 57494
263134 268441
526591 548928
12395 11875
2470 8231
117948 99907
960503 960069
568645 589485
515246 514597
799619 796406
336853 829545
595769 597738
570218 578637
618652 617478
94505 111046
143461 138209
541253 542179
665603 663742
114938 84587
405807 406236
236017 223591
28137 1037165
577356 588971
477785 473560
600935 601451
921319 922523
677429 678152
174878 230036
93833 116685
565486 572920
603697 612751
760030 713748
539272 541956
105611 102113
85945 79834
242020 235505
100221 81034
527471 526388
354855 368732
687963 677058
664655 669950
139647 921958
342766 337312
865484 865346
582964 587634
345670 333209
684314 701724
190765 191669
450629 447195
601938 615482
669680 671451
242971 236045
75131 113616
88640 100465
90397 115960
669557 700028
104026 115627
856487 843081
472439 476931
1009037 995963
877690 876907
82241 89835
254526 249330
878340 871361
501016 970486
433649 435313
956329 957160
611551 627518
808658 805574
605150 602421
738329 722480
154195 149594
857646 858441
1026228 1026739
789005 804030
258476 253414
588846 579289
625746 605085
663576 668607
258457 255292
946614 956451
622119 621677
338005 364588
311179 314927
675044 956906
943832 944877
45025 41875
719906 722280
108895 728777
591854 567222
691933 679492
601417 603833
98716 110776
336365 335527
229957 223086
1001112 1004879
553657 525349
668778 698758
531806 529168
723084 721417
573136 571832
575481 572963
565836 571199
944078 694848
601650 618441
956965 944422
213836 221927
609962 576585
819689 818915
662984 419801
139250 131378
887142 239418
40268 36398
86962 94966
352466 342398
738925 716714
223327 238460
91608 81215
992384 998628
224615 222007
250727 258848
55279 46642
302818 300888
728125 729255
801870 814856
964582 961296
800407 815808
338517 349816
509946 506971
664699 698606
478392 471260
348745 359352
60611 59676
195300 201176
447168 444718
624282 624957
614102 629868
453149 455210
123377 585226
112708 591719
587699 591727
221750 219491
677404 953382
823975 819660
1012504 1011011
111354 108943
91271 99539
825941 365326
817530 813888
389731 388783
898092 904790
61412 62846
778682 828882
255438 251725
931092 927766
626638 601953
833027 862996
627056 596716
792934 795055
814895 824452
951240 681559
110237 727536
964279 963332
209034 492184
86786 75271
817234 820232
335954 339316
1004288 991078
731708 120973
249709 250569
668853 663943
335770 339482
47682 46289
196841 197765
587530 568343
104974 91429
212117 230525
252662 256601
817931 812306
588303 578305
664560 675272
686497 697765
356211 352452
306865 313896
366473 804160
862463 849255
232106 230510
115556 587899
534326 543165
822866 818838
336486 830668
1007367 1013532
345401 336043
887664 226411
195956 201122
543128 544374
933226 940733
356343 368355
693557 670889
571863 572224
926270 931427
118505 95447
109117 727621
896799 905642
323050 328544
513038 507312
629512 610202
409684 417748
104584 93830
696701 685056
611649 632131
107973 77069
337226 368334
958507 960421
85555 75965
813832 811427
517472 507294
776843 783540
791897 798624
666966 668190
361954 360404
755191 758746
797492 810787
919610 941839
73679 83979
565663 606235
99690 112016
93675 92905
12619 13290
220413 244956
781291 786704
266716 268396
972465 972603
753037 715840
20727 20956
549764 542688
676810 672923
230883 213596
107393 77572
608801 574498
38702 35545
336249 338682
21012 9509
805923 791767
691610 663745
673428 678272
90798 89894
677057 700034
672881 677710
261356 255878
212369 216786
451170 429236
1001600 1003895
580236 584417
732315 724845
442577 450784
72597 99457
790325 827783
809196 813559
63491 61337
313413 312506
100222 87530
1003101 1001262
986325 996053
433517 438306
76233 122561
951693 678239
167904 169546
79279 84220
669767 676665
213980 212290
225016 223693
931981 942711
156420 153408
97283 97879
173041 175930
901986 897441
803457 805603
800580 805219
103780 99929
585835 106624
1022413 1023984
473535 474887
584427 586758
613408 614759
346914 357407
514917 508684
1004902 1011172
814437 815754
938407 935066
307232 312353
826766 800747
1011580 1008971
134467 131719
587009 584458
346357 354671
439399 448859
341535 367292
493212 126041
109409 99170
793720 828289
809165 827884
104200 589559
320116 329208
610144 595213
78002 87982
132115 146641
606802 606014
567957 632125
604104 610310
681488 952444
223174 217422
759376 717461
63879 60749
948112 956053
354379 345468
672515 678436
584854 571349
973866 198636
694646 668443
1007096 994552
260477 245600
360904 373144
