1004159 948074
862619 862064
258839 917810
583509 617112
79978 602981
814428 512617
420023 665855
361721 367697
578403 81138
783128 798910
89314 570293
731605 96728
362758 827157
416714 849609
154107 547198
400662 979836
628608 116934
434408 442081
483598 492020
527181 878673
419103 961589
130947 928944
485334 21695
675627 408819
612190 120638
94142 578343
850244 359361
833311 706745
814614 351927
169810 875068
819262 776028
1055058 471197
701188 700225
554257 421198
373027 803571
710145 698809
215167 235302
908292 917982
843867 684538
608274 595734
589853 98128
544889 552739
272769 272551
708488 682880
181230 190337
25188 983652
122076 122305
412721 667038
565035 114710
436090 448848
670541 953098
885025 263273
504131 927676
1063611 1048996
946749 712624
563197 752683
346194 791982
592110 621933
1012620 692143
431084 134679
278169 468725
781774 818092
257537 911072
202867 135752
515116 331555
450800 144902
334959 341264
371478 363479
682666 948705
1046639 639362
396179 400501
614207 91990
575600 82713
674590 411688
362747 766554
204347 136344
248246 355
350817 335813
540707 14632
584077 724219
114750 730050
525504 549683
568550 84563
569218 729159
707172 426136
610567 620063
539343 548293
878153 866124
590736 629057
1017596 1016546
350967 821709
754773 73284
833294 852581
89365 721081
956263 946233
679743 689469
738665 121203
775022 373057
1021840 647166
350434 341957
646298 647505
846170 859122
960200 991731
153365 530197
641466 228937
13195 167146
480590 477032
258272 916730
595758 606580
843600 764478
522390 6519
75243 751681
341359 817390
912089 248120
953778 668629
768848 341257
598786 117960
790980 515475
735197 115667
642071 223500
166028 488995
594404 583473
105356 114209
422097 420027
811762 805974
853757 852061
1000996 261967
504547 341331
542518 534118
923453 458237
532151 537523
656459 1022075
425297 965143
119688 121325
730732 731567
806328 308260
381386 900826
569017 93681
579363 124068
963226 530629
520345 542293
367848 368950
360290 790003
155724 542133
469737 1014792
960413 50881
762515 758179
560323 747332
959533 410657
923511 447216
387286 388417
148100 525358
408302 666002
94189 569756
74374 114021
624438 98281
690627 985835
986498 952068
694233 958911
290592 405979
366827 335130
931552 819917
586023 576312
947608 680826
58222 703658
115332 732741
511254 941395
591322 578879
1020601 654841
935028 927445
996664 421482
121996 736079
791323 364504
8747 492647
216046 222986
859461 353075
848808 858351
539079 548748
414834 418025
758199 755610
25998 639260
575948 96268
334876 368976
97928 616032
534805 527036
472491 1016526
237519 218331
766435 306458
722071 87557
488625 160629
598579 576137
708234 860434
819585 800465
477214 275295
447624 284515
701301 669770
27716 34859
130250 924604
121385 89102
260383 251634
42471 167412
19586 984035
135797 440526
729753 579616
785950 364624
216183 1046566
885809 873488
35827 128395
947144 425582
353163 845814
805350 348215
863207 342301
692205 946796
525379 412358
229220 240819
80108 594279
509892 941841
526090 412621
774092 307987
612714 590138
155432 539706
310465 766962
235520 889610
316823 848600
172478 889197
590517 618567
907425 255011
788687 786238
118598 602914
690125 952532
1059354 1054553
767733 333667
960658 691424
514652 513418
364855 350058
85624 114509
544639 9093
821131 343759
580826 588716
338565 807002
789499 370744
556214 889879
1043779 212447
310147 157837
417260 952506
259197 260375
86312 578090
930292 936233
605678 614381
22023 1669
689286 707183
245101 233903
248091 255611
697528 691357
559925 742260
143531 446753
989852 541173
629407 596605
200445 8986
752370 731221
169448 41887
869080 170430
421117 948569
936932 130551
159675 310079
567684 620940
992624 414285
826834 343260
422829 832207
435737 183348
734795 76639
536572 418195
525181 880797
710165 842273
766932 351354
75831 720543
144128 451628
690447 689942
340108 764340
901794 65640
281194 195664
216387 171242
175683 879844
210896 239091
316229 162785
914199 249644
927469 942100
657351 643189
301226 285134
400020 32779
292004 25530
865588 1010092
687293 864071
267989 998762
187535 190701
347005 373231
829473 311911
502743 515381
231324 222399
412417 991053
677514 691700
437806 940489
583391 612896
91401 118443
39970 39518
672545 687795
116298 587230
678385 944119
490749 523891
1067529 1057486
654447 646223
281428 12957
136391 934434
626677 103301
224802 885021
689802 700615
657199 916087
218599 888530
233005 214571
688363 688238
467852 1017326
166355 219740
117120 97710
799233 778247
977244 981854
756912 107908
579897 87531
629418 598067
689344 673304
966452 423009
398153 276695
733988 735457
281371 8766
757911 85172
817086 347090
369188 772562
204976 929305
225790 638194
441359 460259
564539 660754
728318 79592
925345 442555
108864 75044
412090 663975
340699 825622
404561 404044
705651 688264
37311 399190
860900 712220
591288 107456
262711 996217
195664 985027
836554 851224
817694 926870
380152 897655
216982 231301
337679 803367
993177 682523
211705 214701
522932 156515
711243 951879
602678 93525
353357 809625
735670 743012
712890 728165
701438 422451
365623 805263
1036869 399554
467526 1014925
718976 731162
728101 725938
1057479 470710
66641 947421
983875 24895
338774 771603
901260 72072
453243 133616
785394 820113
117035 119285
624926 617697
276371 495880
363364 343766
67169 670484
114892 579805
788067 789888
813950 792959
790158 774185
700379 421386
80591 612884
126624 288361
733674 750143
587691 88629
822142 342764
279152 479437
572300 605246
961397 305367
933550 516680
636959 1044304
117876 627251
971901 201027
918474 656078
989945 267580
654867 646804
95620 592739
579988 592362
1051159 274863
344711 374279
514219 796881
754661 728930
107691 577112
365224 370587
601799 567706
97625 108504
644617 655921
616580 620076
361500 794905
171111 878296
145770 933223
993569 1004652
632457 80545
801544 778351
32505 34879
265443 171883
550965 542869
545666 518915
710187 836264
730765 111282
559580 755608
119787 89853
168508 230986
636405 219691
707965 696342
586593 102713
72419 385425
888642 876808
924631 931117
738949 112768
526923 536582
880600 12752
579399 72909
880427 4853
235270 212986
340312 837816
553611 541189
708258 699668
335515 373250
324457 319965
356652 825445
4808 489751
717424 85830
725225 734184
310238 961004
80236 626668
946234 693704
836027 353766
994108 958545
52985 686828
796126 347045
867658 14486
782597 358307
694972 693956
352416 340886
789102 336188
103363 98843
774145 338732
245574 259487
970333 973540
286425 37992
105853 84683
900430 560531
994058 694710
376955 128478
1008061 51733
538777 149845
770129 965553
640632 213547
349509 359265
731391 73451
437343 446834
734681 90123
579506 574292
137394 920324
55326 386137
940110 457978
191598 187795
617703 576059
87766 120527
12148 208981
534243 162351
37785 1034839
632182 591217
230654 636481
803473 372173
993066 1003020
104751 630404
591812 111963
244512 223129
103040 78395
373407 365505
835294 364359
453496 137377
510845 925426
790760 778733
439814 143488
1068913 497965
521953 529609
947478 670936
358931 794622
437906 432034
331251 941097
45238 522890
690691 57262
758287 751319
814595 352138
665185 954795
687892 694956
93095 603959
807538 357032
792760 824590
244234 888223
96622 605443
332473 788658
762006 724320
994313 1013447
883437 237652
24346 198432
98424 76355
992529 699296
857350 349586
33200 31898
118253 574855
539379 487550
759450 742679
336174 839496
158479 962696
874607 877561
607100 95407
1066568 480156
737711 716621
817431 920792
458981 179211
280720 490930
374768 792871
433124 446026
540713 554019
47618 896606
606354 106035
351331 823408
715758 113515
85531 598692
424284 663404
107044 565726
956078 1008036
390689 275218
735981 588052
649179 255243
685176 420046
234532 881756
558171 555301
294638 325622
672976 686966
505511 513060
293365 292007
107409 583902
243465 642322
180869 436184
65759 380058
9258 871145
362848 848709
389366 899075
354699 836536
941757 939936
834734 351910
415892 688647
718134 107576
552369 417893
658272 897796
352632 863228
4488 172519
521621 875746
504802 374286
958186 669120
770824 806632
101418 581967
317345 321202
84900 600823
544844 542730
532543 6918
196069 13225
506079 929718
538013 12043
415515 701621
631236 628773
736891 121182
139773 205389
517763 515663
514408 799714
631571 100513
244630 640459
840959 861368
830918 779093
695185 68265
789894 315963
74835 730731
350180 802442
723667 763951
946575 667824
103548 98518
14614 538201
598010 591048
349533 843200
119694 736096
946253 421816
425937 423517
333461 772128
6281 2559
765084 962646
41004 286381
813337 796212
525725 164886
651474 654093
36378 129000
759746 758877
722119 80762
1006923 958067
275455 1014926
794592 775779
1012189 268875
728073 106339
169268 233072
566908 617342
121207 101278
164490 153580
411087 948025
201700 971120
364810 859746
798141 825701
923085 453838
569742 84844
357674 823984
70526 893908
526156 427165
139273 445235
790045 800822
986973 675328
452850 920067
769353 337284
100461 107514
361144 823951
940004 143305
51159 55444
142835 137675
421541 523824
445824 460661
625172 93363
408596 543284
310946 158411
541160 152080
852662 319199
457764 138696
337209 797185
666171 960345
659270 897198
776069 768224
114504 88410
611823 589178
553851 531864
603039 89566
722460 87320
527005 536449
536695 551300
984886 197332
675472 412323
614241 106626
934510 508469
519638 546671
576686 104643
542368 153500
869344 45303
837032 344999
63780 47258
946112 668111
89223 568218
421342 947602
86779 715268
149420 538655
427777 992788
348708 800586
427465 421180
1063984 968223
1001111 263577
806452 827009
709031 846684
529790 675553
312232 332598
147618 205109
570304 122317
714863 88642
798933 372952
988878 688305
545171 414373
1050789 273994
3822 43182
653512 908927
420974 954976
73925 99545
90997 594657
577783 91351
819425 507262
92575 724200
628966 101804
164238 312990
9758 984041
840866 858844
922166 938097
479538 402890
845217 367682
522610 870852
380671 891233
484032 209653
823362 932908
891953 387328
735614 714786
753877 78949
413961 162758
330351 795895
516308 942266
156823 153119
691372 53529
587758 612332
187975 443395
426509 765039
820800 786209
610450 86913
821839 827120
673011 849664
545501 526862
628114 81485
312315 154407
111689 578149
355486 839550
362767 811127
80175 608920
878883 988932
578506 592683
863047 360709
701453 672424
339751 810952
731844 747311
76510 571888
78652 721344
425981 670748
777720 764912
752018 730944
1016876 473281
894676 902983
577949 80028
481255 475802
821145 338198
963106 157218
857622 358696
950780 953489
294276 851867
420526 966626
603078 579176
432179 463545
346414 815211
738306 84843
374970 800242
202099 295014
872058 44276
513311 805925
878360 8587
951093 1011685
117794 104790
757662 560029
190275 430381
78239 89710
332298 778867
580983 571478
426409 990608
153158 309739
229306 889473
693949 954196
477616 275397
609657 83962
718382 758480
111826 734741
1047360 1041074
371786 354568
793707 354025
972970 968505
587871 114480
281452 21514
775064 794756
352360 824100
919900 504491
733376 755577
93969 738017
684893 425961
404223 968909
496088 31443
339473 826306
67438 64015
592317 115956
818511 369468
38163 288146
452039 429219
461611 143373
962357 548976
854432 852959
947339 683318
337337 360496
974530 500553
169079 868628
263139 1007359
117656 724341
804512 356145
354468 770894
876914 876059
338141 807871
814864 363120
353575 802162
282909 527936
783435 365959
440313 939753
570845 728075
241393 229693
571068 614910
584971 612458
669582 421003
358322 357909
461671 431101
612081 99936
236175 168762
488125 533014
689101 71837
114866 589732
110692 730922
427385 415048
771869 966571
660060 386303
660188 893186
684634 987903
444824 432037
440406 461521
490460 486963
157543 965382
381070 60991
840242 331021
563111 764173
677165 417444
830267 779299
745972 763881
1017600 400751
95604 625331
859801 685336
904293 762010
732785 100290
368846 353843
496138 288978
359492 810432
579699 77469
506776 357752
466411 979588
639516 229884
768511 310650
460571 185795
332857 775193
334500 332604
738327 113239
335831 367894
218204 883081
992997 1007854
717824 74707
884123 266538
96263 756813
585813 620985
140001 133295
845869 329300
425989 526150
730683 107098
579304 80736
806033 371535
348622 837139
914557 646352
494054 277338
150410 307705
630827 104192
994471 689506
481287 495437
1003089 946944
516355 938738
851175 842524
517040 511722
958537 665847
1038989 1064008
117902 723521
881494 217065
722907 83507
926491 147700
170781 235307
94557 105884
736413 101533
46203 379848
307888 154533
20013 983897
826989 809635
444872 286078
845464 367497
241647 222710
147563 202506
314092 307105
738632 100850
370240 805188
519313 264810
391367 34441
1026505 378241
427417 836943
485708 2511
719263 713791
730416 86524
627748 623985
139055 429914
84076 572362
101318 568318
1033555 396446
987297 943400
585866 81483
561507 716298
576204 97339
186511 434885
435676 442067
369965 809482
374270 341392
580701 596101
100047 575221
351202 371355
124769 1032466
724172 103794
451535 432460
732997 741820
1031057 38274
7790 3001
595768 614654
355468 788870
377736 1019277
780762 795429
694652 953708
751920 560576
382824 563535
105218 622455
835144 684136
359869 347672
710777 851880
663239 997195
696953 680949
392743 128735
694775 680310
813672 778125
639970 243093
772234 779348
718648 79015
826779 830178
101970 583860
606308 569661
682800 422393
329922 506216
816984 336720
995405 1012008
996180 688886
17770 169225
644912 1018958
101298 733577
666316 426895
1033860 396451
518140 814443
122259 581010
555931 898208
425571 950511
1012748 958087
724911 732029
617047 105691
962999 525397
692967 956967
605429 587971
96650 590333
743510 714662
348478 774421
345726 778272
712329 954691
284764 446902
515116 357173
545278 523322
435295 185773
835457 841374
747272 752053
243154 640525
988036 947127
226676 888545
