926932 710527
316979 928907
821659 959397
526755 782385
716340 632884
382967 696532
860552 890052
921190 724518
557731 513737
563220 627431
228511 780319
182935 450734
699502 899274
13241 773076
216037 554699
539906 318690
986123 143510
688562 298092
842934 783487
737660 600945
386069 540636
830719 485383
543850 987248
579673 459597
821366 49459
248885 35840
333931 542327
262178 234834
835779 879922
428080 736156
948327 175012
292672 166597
174918 836521
844452 445198
462771 899122
110629 743818
828583 946407
302794 121921
51905 752495
132638 369218
5971 307555
896347 850422
668536 387983
1032633 391447
690405 242682
302508 721278
501323 194187
822809 990924
746235 123052
1070188 282830
900085 823841
220740 1066220
354417 541033
686214 866228
669510 878145
65793 503455
550561 956403
487778 998860
216719 532803
328654 829633
401308 9300
512754 283829
334753 1003994
448290 371053
386451 312696
407165 812721
698747 457752
900114 116149
76843 46456
639996 668212
1066598 1041303
677511 437983
412419 237158
304141 373898
941318 829604
296661 517374
228059 473220
1061572 1064990
889476 148367
780478 451026
961962 786625
202414 80957
668455 885578
714302 702332
610851 632968
226785 547963
1056921 194498
342865 985971
973296 311319
423782 268082
61393 769585
92149 717218
789878 958308
556982 448614
505646 951380
987137 929427
1018318 14377
710407 54309
771526 961164
381094 719690
224581 551830
179625 202665
625166 891325
363688 797477
281650 993905
299406 142004
964543 224941
826347 837550
103460 71744
821522 167121
687789 381264
855173 455636
509129 776498
491800 876857
397361 465438
522048 699913
422456 155623
857620 800852
227494 949567
827743 12291
46963 520282
987387 262036
53180 513644
743848 762648
1004443 831816
713851 694890
950225 1011772
982763 1063288
514079 835357
11680 802529
855742 64859
827506 940846
823493 385718
945221 890346
747967 620386
985623 485105
8435 242643
339790 137079
431061 92906
522797 422004
335747 430380
1011333 156498
956163 2244
532532 927190
341918 699191
684922 341062
929461 711276
5759 955147
18440 157483
422861 521008
407419 871170
131044 426385
697577 136414
986388 314365
438171 104216
773998 875261
154648 382718
513531 661494
224365 662908
305519 213150
315403 1046485
710360 737047
661935 594808
450730 964460
50167 200342
464957 56177
802112 535472
462790 799895
1013129 373674
141508 953965
175569 333241
462742 601880
801956 329800
708610 67380
836777 130953
814547 446856
346438 855420
191812 361371
871058 363036
605876 324069
945128 742799
357901 673520
559413 124301
804472 852871
229351 17281
69259 111212
460329 415194
429870 388405
921374 774406
589314 182975
1009321 303772
354377 932551
857220 784246
143210 357692
822705 440317
623292 739720
1058741 193410
134278 122340
807623 946467
978717 465287
262798 961731
603399 76107
184165 432115
263152 334535
604567 750013
491545 418938
295028 303078
512853 964352
546315 280614
47328 538109
361708 7452
1007230 291125
170531 53387
8798 1000096
421518 138972
901244 683140
663971 640055
167156 887045
563591 744604
797128 930714
515815 779459
709179 157501
44800 540046
531248 708770
109724 626129
120270 593902
140918 717793
838568 743152
816127 1005723
679951 49895
930886 764869
158270 389204
235102 19252
170679 1061181
190481 792173
1052468 1059258
62730 877935
312728 453314
905045 433815
964167 146289
386426 813045
226100 11813
56174 786961
775842 47752
820697 529179
673100 141571
136431 163944
491031 217461
364671 139496
126452 501101
303440 369344
14951 237029
311218 265608
49824 754565
381848 526834
662412 740063
848815 55522
549308 294375
663631 165043
242028 960805
70938 561933
1054410 877855
932633 826371
511897 539636
676433 861781
903783 66166
634628 731928
851537 437901
897503 59762
300652 567239
36499 912088
703492 872611
673226 659939
555915 605958
499084 967536
895913 190652
529151 375255
842596 14690
671820 427614
836857 510193
407353 947620
764046 840540
440955 849058
449157 87546
437838 301933
549474 213945
852172 878686
881026 414662
902299 849076
334639 161736
150675 864353
95909 205192
535932 867875
444932 202411
321762 837855
615055 899285
344184 988853
931253 309689
543573 58425
950395 330089
263616 198419
846151 490155
1066293 196390
969311 148885
131191 513989
1048170 165983
432465 599654
351076 482388
569849 459177
652587 918624
79824 188030
274196 971998
67604 825090
232859 543275
54135 962089
357635 559098
873697 969379
871000 817366
765413 815257
195807 828468
295631 300646
299942 824870
162279 1064698
228288 837108
799091 684308
272596 199548
44471 408078
552467 294994
922900 813032
1005910 420640
536212 783347
976919 764499
896958 822555
160256 147628
927030 773763
387554 565804
999540 323087
677051 774610
178189 705900
31764 976423
704392 983491
737842 299553
855946 105647
570864 134597
296114 749052
858534 562868
181368 101530
881026 267901
16817 205650
941999 754658
505202 416773
855221 86557
953187 382909
208113 471348
541099 928037
473628 42357
935710 753207
104563 138320
322448 795197
961840 205258
107729 66697
349539 6449
544595 216387
71997 708830
331778 750893
893534 657596
332376 415632
512955 308282
702439 535340
1059174 525597
122559 283059
15455 352796
852210 543046
456907 919872
865298 263062
713565 611567
174575 528148
880943 790660
304523 673872
15529 970331
533357 679559
563556 436257
683925 811399
920337 526813
486271 935866
426767 981722
789517 937200
687633 350274
97235 898429
809357 322312
681130 560962
583693 181828
308692 639680
437984 365348
991821 374978
526208 710961
1002786 904448
1061234 29644
732500 595357
204987 521455
843767 517073
885547 698200
687469 974364
138638 904284
738356 296413
891770 757268
429276 700385
475649 1038940
218659 291097
815741 419247
866174 954378
716032 682118
955205 766961
534108 193104
554655 348946
138237 674539
440739 114890
282372 872873
826656 535526
974225 162919
360855 301686
212961 532378
732570 458223
62385 550884
386702 855544
718669 80205
695286 1001040
156797 547534
539755 356553
296356 441743
517612 334010
964026 328558
519953 785883
55567 93261
207033 871157
242523 193380
699183 1006233
938956 283441
385071 605717
284480 953635
986586 804432
635731 158718
522395 842764
1036760 653612
306919 145613
842454 366154
379682 1055550
974004 473651
831607 959227
799082 203417
859653 935260
699840 928617
748574 561348
873877 16269
876734 281527
19501 470970
445785 606165
62731 755655
310634 351201
443575 570774
538943 195745
598465 46613
107007 599706
88421 635217
362178 328472
136323 46392
843841 457804
148090 872322
670845 164037
143400 563763
862985 300902
934206 185280
710723 301763
440324 121628
765237 133686
369083 782709
844477 332624
957341 897802
449028 353574
420652 152032
1013832 821982
144402 362026
680213 60098
292512 1049295
533414 481737
504968 743538
329602 694683
43675 372007
39763 912491
155705 293453
872706 11276
515964 792040
295754 521622
212399 210495
871867 816041
768268 1046670
748553 920463
890749 308591
327772 531586
432688 749820
971455 874961
5798 1067473
153201 496865
696053 352546
762131 904597
49230 866023
718322 457322
840641 194190
130937 684449
381662 517597
69481 778532
697256 797127
640489 993790
356407 950954
297527 487343
695547 531644
829624 408852
117007 185883
316463 53826
561677 956951
563237 51078
60133 413371
409541 503345
165744 59066
27184 497232
323569 765406
298313 319031
1011949 16137
506319 762689
956642 510471
672751 766096
147224 839035
350585 419874
158422 138634
389870 857840
864828 22050
784738 684698
57331 927066
327903 780188
1024424 475126
945917 154733
157893 415805
738190 633238
772591 434213
144024 508949
1058499 494031
853683 804473
940316 409010
515422 389310
654967 1037134
842666 50467
484679 194069
265605 319310
984436 312819
1014728 972559
806849 488642
836063 539937
14623 982528
411443 1042895
461161 856225
132784 615094
53051 217269
420146 799677
817176 305116
845052 512895
572430 55686
836552 526606
204693 727280
339093 663655
875194 490861
140111 698585
606462 146331
683446 43869
451446 892264
317339 987105
926269 484397
30965 1017447
993977 235657
444161 730029
316677 987851
809739 456260
275652 38481
522877 677475
872387 1061743
635914 1007156
721395 433897
528950 875393
263747 682637
137997 329406
368293 526474
133573 356762
735887 58682
668376 755362
684422 160995
683855 965882
644999 1035622
12615 290876
506825 747624
422332 550603
157887 11189
538714 138415
875240 523402
962938 161028
787266 944074
786231 334117
1068687 376900
806220 836882
209501 797567
697990 16462
651144 1067611
671929 822072
462669 366331
854505 65008
533538 172726
842453 1007526
695368 220250
296156 731209
383463 658692
488176 853925
725249 593923
531072 791883
920545 156064
186231 751392
44937 875357
805526 47665
547925 868834
993712 202797
158512 1001881
567684 715651
719626 845518
203776 764562
601155 76256
560571 615778
392455 38119
414235 315790
392788 473783
18277 960471
119057 428510
735612 322833
847081 414458
326361 960301
487157 237787
491895 840019
868146 268600
267750 1054653
852044 296346
359376 876826
155526 543475
435151 669680
859480 452772
326886 356601
340877 267953
694778 881412
633009 89810
946831 384716
811771 203340
488582 772800
167221 769572
54227 521848
1027137 1063229
937604 342147
431956 965639
832532 99300
902496 679648
304464 23263
576342 725934
690989 747403
21748 1011240
194807 960001
137569 787911
807455 709027
205162 776491
705452 509626
538576 940867
131598 676144
658401 82085
904365 330585
920880 332051
209249 407963
854006 717703
425060 532436
820755 939340
809830 709464
419046 332659
202960 839873
839916 1002108
134791 786421
911850 34648
884992 709283
163957 359229
47217 170885
47185 144307
448902 625051
1025122 470181
776995 521350
407752 940952
802444 506253
15815 355643
78786 452737
821312 686343
373051 678308
358314 9410
530759 475136
620711 428559
537822 168185
523827 206071
1018352 124751
130313 950368
885170 544001
410570 844045
789871 864479
558486 343627
1010246 679827
326437 77230
621230 758586
170458 1061909
413667 487044
301032 753429
527098 822247
871580 490872
822817 190456
592664 661816
953621 328932
710363 236658
273712 1033072
901909 667685
146469 178925
939983 755899
226348 4325
356749 188810
351624 194779
88158 453049
326451 100347
472939 205929
131910 106713
778615 458360
358662 326946
154722 402057
326045 665028
151968 696538
902466 994024
4694 480506
851923 538789
371816 233776
895089 730477
922557 762035
303552 143983
445388 320204
308098 678301
147482 312791
542187 360074
802679 164669
325991 744616
200742 1070351
827493 13139
808729 665583
594610 558724
57251 526812
793591 550537
691481 810190
363726 561494
892372 701967
679270 163685
22558 967207
451739 797975
336651 969839
662769 540871
315996 230840
359179 63854
757652 82394
614391 69364
204438 946916
20892 705663
555835 603871
767555 50418
499971 279736
924804 755624
797993 207805
226118 43612
438644 585296
956266 941487
632845 90328
508634 344344
486598 1064469
948214 514459
158821 336000
936508 794484
764827 924607
51350 492443
553370 24736
127807 654686
782777 451259
795603 922219
700048 312392
674984 343199
926381 993889
727580 744795
578198 439980
125678 252835
351622 921280
214951 161585
321910 605606
835216 244565
779751 439823
278372 42294
562500 1005173
431460 760675
1016534 984460
19596 868796
532248 509334
327039 434755
369552 312845
395686 208011
830843 142040
491292 366180
179889 854848
935910 947121
931815 532381
147498 991974
845225 797035
930371 846295
653308 255662
893390 143264
825845 207285
712865 348805
151904 809881
357971 538252
336712 938194
890075 707477
150027 826749
201625 771762
599987 720269
308735 454720
852804 135344
71175 151023
991689 221201
519896 678953
963712 1011677
651507 124520
874643 840336
236975 486564
752144 905354
704981 806998
62435 154500
415574 331148
363701 308909
209568 838513
496394 877845
403430 1064679
801300 418990
953518 146497
146014 713192
338713 530997
221043 548280
673448 455646
1024099 124513
461859 323946
1066801 193318
317830 830363
813617 876406
323913 410608
318747 803328
381621 583161
93498 183828
897567 180174
203441 363557
349864 155534
1047192 417617
222738 159083
194882 551375
304099 565137
862036 754852
72330 558832
655487 1051862
58652 773159
559127 73618
502321 152599
92120 140448
837515 883817
10635 683155
488291 666974
679744 307939
519351 369418
507227 772670
977008 476091
4189 887240
298592 841268
348029 483926
924207 534986
714774 188376
514402 924732
922325 792421
113455 284282
101145 182362
706612 301281
526875 981231
343423 171272
688802 15944
524655 503506
960742 519206
445163 417240
430060 788585
279119 980882
719653 123823
866827 509569
284321 440146
413585 62446
177354 530055
495415 256912
907622 1024560
554610 704072
154361 827574
789735 323607
92530 893927
386052 605282
24014 765153
834760 210036
702652 532471
297305 842524
845911 552737
397784 1056937
751713 689931
56951 99529
933949 435061
789963 152541
858255 440714
318921 340920
295496 540894
1037670 379661
95191 632473
232573 953445
2810 328830
149732 49546
265948 534739
406711 868898
189443 282981
953145 858730
432407 558380
388409 788138
627128 438663
980687 167035
662780 7630
726541 852223
290610 991736
153849 999083
805032 965517
208297 947197
355566 389857
177251 521476
856470 669607
308649 12622
210418 241231
815688 53539
590589 327399
890703 93320
933778 676796
686607 452791
958860 178245
783162 930661
292083 982413
55400 304120
243129 541581
684979 789578
902510 573462
658430 938475
28644 1069226
295667 811805
74616 319356
439769 772432
651263 271903
443771 622317
825417 1011672
792831 18997
165380 867447
338352 693583
970054 483235
893043 409636
197542 310144
142593 554505
778545 443456
683091 512619
686462 322746
514924 61830
460035 686395
171445 970530
781975 387598
189896 340878
367419 563594
527578 160190
349127 1011794
981568 211166
774759 692535
488217 231960
543332 711177
965068 455959
323796 1004802
1001381 882188
266225 220492
122265 746386
368545 16066
