819591 602484
651367 790721
227475 582372
199555 923655
13171 398499
682592 611126
1027506 804856
287135 864746
476214 936836
226481 930967
258520 262469
251732 551407
36385 961696
885153 917195
1033020 454155
834967 101099
428391 403905
600203 991695
529122 74655
834084 34077
179835 648404
721243 403145
919656 1000535
300888 655065
765917 496042
1048772 830711
14739 919215
99347 637303
30607 820589
1040448 896598
501839 914972
654748 773262
419518 1034825
265084 450124
475646 996139
1037329 780354
777370 468792
315557 179368
360992 970304
652134 751244
859313 573340
205721 514185
620630 889140
140789 472611
398373 541690
736326 1062080
993487 1070171
937616 172325
933022 641993
460756 1021286
573166 505680
382200 476756
580833 1010423
339688 390561
84342 498939
151719 125173
857829 227242
306792 618954
258717 486060
991739 115139
1035760 140833
497544 612557
18936 554852
291936 40361
678185 79388
1028586 675584
388950 216926
739416 12630
1007963 127481
661274 1026898
5753 247976
314548 276042
610813 297091
376479 726203
633736 985471
553060 302775
282897 723805
28074 505963
255453 638887
803054 1023446
255799 1003616
236014 356960
499585 931208
275245 641070
611343 643761
917044 639417
79347 863105
682163 115678
367050 1045914
909732 44377
64855 29549
502637 632045
347067 645590
499301 958409
218974 345968
218057 298321
110344 645478
563240 483115
451763 2062
573375 680564
255778 557283
593858 407746
759247 778184
470853 789051
22527 340973
127031 950334
745503 168571
337729 575625
1035949 515656
1563 538948
125844 59545
307435 578701
237587 591900
986447 391874
1015061 131015
909198 785464
535171 282
504138 248305
180955 917583
282613 146528
362863 1045159
685475 179314
273419 179736
624268 950473
262217 259561
772095 609328
654099 610916
611197 519161
57806 643059
484867 323267
298049 474124
717650 22983
168842 659799
16205 36941
246709 532408
99691 1001722
110983 275165
254613 970009
64364 912366
192396 12210
73044 830627
749147 252120
193985 462764
260737 131301
685779 912412
909553 785470
843757 1020536
751242 788977
610776 945959
1032246 675139
787948 228121
598952 980344
240330 655631
323113 3982
849011 651797
615284 527781
594525 499877
11648 922268
872105 453498
640869 103112
468858 807635
521466 1067809
408210 761795
343672 731322
119185 235019
615561 64183
273436 868894
250920 575538
33199 707304
1029051 15960
80143 238020
503872 592326
583191 710970
571845 347929
91521 256675
612771 932647
737131 497630
576970 249945
908103 5600
146413 392233
642203 659478
334797 215226
644307 597249
253762 426435
1023869 659084
614522 1044327
406698 760934
940954 176007
493231 335602
514446 276778
15237 650711
871781 384254
785466 627069
291628 918921
781152 39026
278660 821794
603146 149238
505836 618822
22404 908742
264468 584793
222620 1049934
1070152 123720
583388 780928
920624 638208
666777 646704
978121 102236
829340 1018300
532716 452081
488528 390542
798379 265320
869558 299439
725793 777303
448342 17802
1036101 780514
991720 189049
162218 375923
312667 493483
724833 272915
620599 214623
262961 1036999
267803 29376
218424 73402
255676 462888
1010761 581591
468227 1014035
4698 38104
485168 729530
762996 246916
619828 1031775
471838 575216
403462 383022
145577 621885
147031 401252
775380 641396
416829 591490
622235 476647
527539 623860
338838 128506
617646 646251
92737 1057650
571771 495962
35982 204880
1011909 254129
36659 337417
800424 375496
465922 347693
992918 642965
186744 33506
497636 322013
250593 303826
506305 1047559
992295 1028052
592013 1028953
24680 451622
360361 737034
40367 417768
1019504 594843
330175 289616
7577 922187
248192 1063653
934855 1033855
444898 224839
391121 175872
333214 1063422
636696 659540
280003 325027
967287 726413
1024934 508483
248991 938924
611870 256567
853471 260633
362658 110399
610780 333269
1059681 80590
706780 288662
402844 955770
919351 936246
534650 100803
460349 53193
1063664 1027778
611216 537367
717718 987053
582781 833066
246469 764727
572152 496711
961115 178746
223474 621539
674694 586580
810236 729519
377226 747312
539198 605096
713940 226
34244 604678
731017 402445
246648 366909
251019 923917
580023 48249
482914 303187
912321 515858
50577 473372
768658 250946
225873 429298
1045979 35364
713178 652903
910870 140885
835385 915362
78584 367937
360843 908392
1995 511660
400874 142883
795785 29220
102283 1005489
779865 742734
530174 753908
1000194 759307
802982 73252
400137 597499
1020803 502419
223219 346342
247978 1037981
91694 778151
1020345 770553
459483 247579
1038946 192088
320830 395964
43176 720966
993463 754586
153009 907289
30551 526900
610280 1013395
645389 405142
467859 893367
396527 1002702
175649 1057246
882488 325739
208435 245885
937628 251610
657458 551322
1006195 501074
388235 1036745
1027974 442022
790627 258485
75648 365639
188629 417587
32683 170986
147694 223111
817372 645109
828499 465577
604995 317310
169621 758527
1007500 1037290
935895 109086
217801 791830
425384 474675
583584 172379
637955 827144
581062 1052623
919545 115680
599911 415667
663852 395108
633885 291583
891904 251100
611961 800313
900330 1015002
588450 158516
489038 395792
758937 276734
927738 496307
683761 629131
631283 643062
646054 809118
142064 291517
377916 217396
863376 82986
725232 528149
495490 388086
835889 120406
930660 259035
787314 907316
614308 990010
230751 1018840
241343 608666
253099 752827
995490 439196
124980 134876
529542 1055640
84519 246480
280347 62877
241439 894654
743494 162797
400394 844330
526780 445412
783295 287924
897022 1033504
113027 31450
203494 393373
534360 900881
259203 751747
1036900 733106
128239 584865
245588 451748
1018199 409369
584820 517823
485616 749625
130996 279916
575657 492386
784655 101109
368487 979424
328784 195275
210097 429890
23209 271091
479521 861636
697093 37883
122344 1035350
827066 614664
506653 215426
646541 760629
598290 837439
1058379 312106
38153 429960
610742 517674
9629 608920
5001 573691
316166 560570
100920 833839
865841 298180
1049264 569818
514831 80196
174499 90995
619042 828826
466110 347802
556083 551829
169484 256320
90372 370375
1030959 203136
763705 288152
801194 249777
586331 780082
882763 321332
779230 719782
201234 101004
521255 1052589
471378 409999
975523 122568
613134 401771
89923 1067447
246847 966860
291429 757049
61981 191247
313282 624641
1035030 757250
1048055 926872
599539 504839
906609 923335
900351 216763
113246 1035503
498048 586457
373960 591315
906563 933103
399984 871217
310584 377662
727712 859445
380861 598098
287655 618713
225311 435585
1059295 121857
847075 588484
756949 947064
881072 202290
1012451 746414
1027070 140443
728926 338457
723548 509983
562143 244102
1056794 180585
237439 893079
888223 645177
954674 651676
681869 91714
596363 333827
586090 1015897
362892 239261
337187 256769
437353 1015862
146306 1016183
281270 30604
288091 437272
225957 933997
838666 598434
1025710 55260
622868 232031
780 985759
471291 146891
1065305 572206
390557 759931
345543 727744
1051347 74283
760059 127277
781074 731936
918864 759772
98831 338073
201693 910806
304437 918011
79665 966845
804343 218831
813769 124523
594117 523845
1015734 190216
232266 805172
528288 304406
1041042 122549
1008056 404872
254585 480553
823107 1036733
193868 375467
30539 705042
486663 936357
976880 504031
20703 906243
161076 565493
34426 460495
584228 857532
246228 274031
255822 440095
340105 1047345
913325 976628
653475 819828
100890 518676
638781 356059
612159 273582
292333 646584
424684 567169
124348 851535
810669 85901
259270 266644
612654 1034769
395657 347799
500578 105981
596444 338648
76177 800186
869309 102657
100384 305713
437054 422415
328565 969907
1030363 55053
598809 247039
826423 760147
209674 902599
4927 319836
573215 396540
654671 822734
142879 252187
913487 921600
106193 171675
987711 40170
3826 1643
232069 830248
353078 632960
140957 287956
604515 906867
298399 868338
233031 643678
620695 696282
651635 498511
738261 494745
40342 535061
291848 1035345
592249 1056657
727595 824318
507136 109615
742575 788232
838776 1037697
624722 66799
174266 756716
184851 539935
765603 1058886
777271 1057451
714462 1060128
734339 371681
412527 914477
972512 648808
283516 971589
137095 985375
887389 902698
580380 308577
274642 244342
99909 209183
386868 208731
632883 328441
238015 1037133
594823 375109
642739 411835
696725 478417
679555 499920
518968 723841
919278 116447
1055302 602519
569275 25111
1049641 902621
496631 779526
671515 105809
970053 98396
38478 418645
180506 1035755
411317 749780
1060865 81189
272633 118041
632926 765801
789065 1048800
155117 463534
985571 579419
297277 575856
994500 429674
618051 855229
876185 719975
801164 497873
145686 1009883
688505 188407
267028 258865
816146 1068108
371356 111699
222288 256470
275695 315935
928585 473149
317486 1031184
16486 929118
340917 650826
942519 607944
481428 346067
457765 275418
374580 497941
754411 526005
439582 5932
935049 1058469
329526 34597
728117 833161
811244 226469
885647 34885
400822 324984
471658 354940
359317 755275
760415 785640
582439 232473
395208 1004577
368389 112058
579803 486702
255659 19835
400917 926124
675402 116403
173703 187465
348875 248608
401843 134167
1007208 627005
80289 373609
127389 660091
999779 35913
482876 191798
380829 1043191
521420 289864
634186 519407
76035 830991
635234 964407
111314 425168
1067611 967463
517759 27740
192499 360682
231948 365982
552479 375371
802641 236206
795522 1014668
463698 967380
620957 230340
418603 185814
124370 529916
1011762 1059808
750125 149752
17171 633231
510433 249118
999212 753519
346397 39321
280702 71543
744596 497379
394383 433046
1033508 611056
600487 1025411
278873 255309
557383 207708
258602 1006492
736420 888284
367149 101248
1000148 400277
921675 1059012
903869 160765
1061788 62276
1030968 852350
493097 219193
918586 881947
246363 163496
1061184 937119
925754 87872
763855 788229
954871 916891
600037 400002
152886 397139
212067 113477
179112 705163
735465 538076
493908 583674
1058604 692157
943543 913981
631834 355131
392357 464788
437452 421550
535026 903439
223673 66255
97316 476082
734823 1040859
10295 135083
510791 573177
25457 356262
696770 368
710743 631173
455833 220669
1059005 754802
911822 1067869
154489 741810
443808 1046101
425627 576597
1061948 682855
594132 203505
273171 77159
542150 1022783
1020275 677057
652781 280777
688529 75797
508720 1043391
1044977 781890
734297 263349
590952 374803
307972 393909
376395 75182
924093 1050087
912953 504767
823794 218561
835259 393456
1016947 833838
267753 271353
732701 882454
251063 510360
501944 48588
888893 1036438
931525 1061410
754062 976308
957709 649020
563451 916070
920372 225775
728147 862042
351191 1051771
651727 237712
724412 470243
203773 276168
71656 637054
279338 260599
612042 420588
492428 462037
1014686 763712
613882 803529
894494 655681
241199 590317
494693 628747
581445 1039701
96693 3496
914678 66278
804471 274962
406194 360984
473579 438015
919188 968271
1066762 855479
671924 576338
252444 1062241
74934 935122
1022151 171735
509735 867636
571815 683252
11588 652690
749792 650571
435796 1040143
1014368 906849
636784 328954
1017832 220567
461217 1029419
873256 633224
417581 576067
917246 358708
893480 794450
905004 220218
76206 848995
1007392 567083
269522 582811
959026 733903
265227 247303
1041752 433391
1069532 808565
212010 816830
415378 910009
617045 1034649
61490 394013
561186 973254
966466 111293
619255 213133
973322 435912
429045 552579
473209 461865
961038 724817
564449 983944
948217 916583
195737 439026
425464 1057176
422712 429550
571596 212757
53444 1062085
144181 43997
380231 34842
459421 1050639
16632 721341
80514 353022
33316 894941
853910 245848
473005 438348
971002 937039
490734 277104
39514 299984
243749 891316
120543 14870
600418 209299
388817 230046
749558 990030
849024 913170
358001 292291
522606 1019610
786089 106451
672141 906631
121320 536710
751096 412345
242 91802
868883 933320
633611 275203
730378 996360
111458 542305
462693 553161
954649 589917
403834 320075
891997 393814
143227 916719
488004 143468
252321 118004
188346 54386
607546 235188
116162 376883
290582 812203
376378 297396
566845 502289
34853 819165
620292 984183
564158 971207
255453 101327
1068163 755580
380471 167300
616482 214817
92680 783143
387557 1018032
304409 643009
48982 440426
909849 292317
970678 189922
791900 648592
51966 587898
978765 439523
653222 153018
57061 405159
154882 907743
16124 46393
309657 601151
732283 393163
1002849 144414
1041754 827480
719600 784327
35609 318596
153473 261769
227518 114238
29178 931014
902624 29442
983536 368924
378127 1008663
971520 909519
714364 874150
864831 924367
218876 725811
586448 288395
729087 1048235
553145 712989
474460 260904
262000 259274
169876 443673
1008430 937114
846423 647713
276982 751840
918904 475123
272868 17521
270535 558759
604707 652210
217795 797976
733668 1010487
604169 792824
910060 318302
852147 228567
479337 52305
477933 774651
395122 231769
1008019 604677
590277 174453
519311 498679
740211 801590
568590 1034987
816522 569471
740834 656205
578381 522604
265517 1053311
214704 80850
452426 166431
494206 662345
665109 86865
392068 522402
103800 822886
253615 362998
787497 468259
1037730 1010037
119470 236342
769634 273702
899329 655180
593455 281379
555741 265414
629351 350148
17924 573573
713145 496028
720277 699793
922009 530354
936134 4505
915810 541031
113501 213825
598526 883135
467938 462197
170088 272811
16728 725828
228832 646079
433390 881714
11932 83290
201738 624549
245920 232251
314243 555142
767744 289050
318876 470284
62948 211222
1039700 344116
516883 268457
467885 571000
493858 802091
74320 264878
623270 919738
90450 505984
1020149 59773
592031 969171
1040424 276341
640770 283926
886686 510514
604563 406313
389742 15715
230572 301420
1000619 205399
363983 582262
663388 459619
667092 718035
919156 404540
580322 999506
420254 569209
933978 1055380
579907 864221
190403 943889
78986 334096
599179 1004759
724848 676444
495572 624474
106543 766502
818663 716320
258581 735253
271948 414428
723490 483366
618295 536507
509314 574236
571252 288899
